0.008125
0.007625
0.0070625
0.0064375
0.0055
0.006875
0.0098125
0.0100625
0.0096875
0.00925
0.009
0.00975
0.011125
0.011875
0.011125
0.010625
0.01125
0.012
0.0125
0.0125
0.0119375
0.0105625
0.00975
0.0065625
0.0071875
0.0071875
0.0073125
0.006875
0.0053125
0.006375
0.01
0.00975
0.00975
0.0094375
0.0083125
0.01
0.00975
0.00925
0.0085625
0.0081875
0.006125
0.0109375
0.0115
0.0125
0.0125625
0.0125
0.01125
0.0101875
0.0065625
0.0076875
0.0075
0.0075
0.0079375
0.0081875
0.0088125
0.011875
0.013125
0.0141875
0.0125625
0.01175
0.0125625
0.0134375
0.0126875
0.0115
0.0105625
0.01125
0.01225
0.01275
0.0126875
0.012
0.0105625
0.008625
0.006
0.0075
0.007625
0.008
0.0081875
0.008
0.008625
0.0115625
0.0149375
0.0125625
0.01075
0.009375
0.011
0.0105
0.010875
0.01025
0.01
0.01075
0.012125
0.0121875
0.012125
0.0113125
0.00975
0.00825
0.0055625
0.00775
0.0079375
0.0073125
0.0071875
0.0070625
0.0084375
0.0095
0.0100625
0.0115
0.0124375
0.011
0.0118125
0.011375
0.0105
0.009375
0.0095
0.0108125
0.0115
0.0116875
0.01175
0.0110625
0.0099375
0.0085625
0.006125
0.0078125
0.00725
0.0075
0.00725
0.0065
0.0075625
0.0098125
0.0105
0.0103125
0.0111875
0.011375
0.0134375
0.0133125
0.0131875
0.0113125
0.0106875
0.0120625
0.0123125
0.012125
0.011875
0.011
0.01
0.0089375
0.0065
0.0091875
0.0088125
0.007375
0.0054375
0.0051875
0.0065625
0.0085
0.0089375
0.0105
0.01
0.0105
0.0123125
0.0125625
0.012125
0.01
0.0093125
0.01
0.011
0.0111875
0.0108125
0.0100625
0.009125
0.008
0.0055625
0.008
0.00775
0.00725
0.0059375
0.0050625
0.0064375
0.0088125
0.0095625
0.009625
0.0088125
0.0085
0.009375
0.009625
0.01
0.0091875
0.0085
0.01
0.0103125
0.01025
0.01025
0.0096875
0.0086875
0.0083125
0.0063125
0.0088125
0.00825
0.00775
0.00725
0.00575
0.00675
0.00975
0.0091875
0.0100625
0.010625
0.0108125
0.012375
0.0118125
0.011125
0.01025
0.0095
0.0105
0.0105
0.011
0.0105
0.01025
0.009
0.00825
0.00675
0.0085625
0.00825
0.0081875
0.0055
0.0055625
0.0068125
0.0095
0.009625
0.0100625
0.0119375
0.011375
0.012625
0.0123125
0.0121875
0.0108125
0.01075
0.0115
0.0124375
0.0121875
0.0118125
0.0110625
0.0099375
0.0085
0.0068125
0.0089375
0.0085625
0.0084375
0.0068125
0.00575
0.0075
0.010625
0.0101875
0.011125
0.014375
0.0138125
0.0173125
0.0168125
0.01575
0.0139375
0.013
0.0145
0.0155
0.015
0.014375
0.0139375
0.0125
0.0116875
0.0085625
0.00975
0.0095
0.00975
0.01025
0.0095
0.01175
0.0146875
0.014
0.0151875
0.0168125
0.0156875
0.016625
0.01625
0.0155
0.0145
0.014125
0.0153125
0.016375
0.016625
0.0158125
0.015375
0.014125
0.01225
0.00875
0.0116875
0.0114375
0.01125
0.0118125
0.0109375
0.011375
0.015125
0.017
0.0165
0.0155
0.0151875
0.0168125
0.016375
0.0153125
0.0138125
0.0136875
0.014875
0.0159375
0.0161875
0.0163125
0.0156875
0.0145
0.0126875
0.0088125
0.0120625
0.01175
0.012
0.0100625
0.0095
0.0111875
0.0144375
0.016375
0.0158125
0.014125
0.013
0.015
0.01525
0.0138125
0.0121875
0.01225
0.0135
0.015
0.01575
0.01625
0.0155
0.0146875
0.0128125
0.009375
0.012625
0.0110625
0.01025
0.0101875
0.0095625
0.011125
0.0138125
0.0158125
0.0161875
0.0141875
0.011875
0.0125
0.01225
0.012375
0.012
0.012375
0.01475
0.015
0.0150625
0.0151875
0.0148125
0.0134375
0.0116875
0.008
0.010875
0.0109375
0.0106875
0.0103125
0.0095
0.0111875
0.0150625
0.017125
0.0183125
0.0166875
0.014375
0.01575
0.0151875
0.0145
0.0125625
0.0125
0.0139375
0.0126875
0.013875
0.0159375
0.0150625
0.0135
0.012
0.0078125
0.0095
0.0095
0.0095625
0.00875
0.0085625
0.0106875
0.015125
0.0158125
0.015
0.0158125
0.015
0.0160625
0.0155
0.0136875
0.0124375
0.012
0.0130625
0.0135
0.0129375
0.0123125
0.01125
0.0103125
0.0091875
0.00625
0.00875
0.00865625
0.00803125
0.007625
0.008125
0.01109375
0.014
0.01446875
0.0129375
0.0126875
0.013125
0.0130625
0.0134375
0.013375
0.0121875
0.013
0.013
0.01325
0.013
0.01125
0.01
0.009
0.006625
0.008125
0.008
0.0078125
0.0065
0.0065
0.0076875
0.0115
0.012875
0.013125
0.010875
0.0089375
0.01025
0.00975
0.01
0.01025
0.01
0.0113125
0.011625
0.0115
0.0115625
0.0108125
0.009125
0.0085
0.0063125
0.0095
0.008125
0.0060625
0.0053125
0.0056875
0.007
0.01
0.0094375
0.01
0.0103125
0.0105
0.01175
0.012625
0.012375
0.01225
0.011
0.0115
0.011375
0.011375
0.0115
0.0105
0.00975
0.009375
0.006375
0.008625
0.0071875
0.006875
0.0065
0.0064375
0.0078125
0.011
0.01275
0.013
0.012
0.00975
0.010375
0.0113125
0.0113125
0.0105625
0.0104375
0.0111875
0.0113125
0.0115
0.0115
0.01075
0.0094375
0.0090625
0.0065
0.0088125
0.007625
0.0060625
0.0059375
0.0055
0.00625
0.01
0.009625
0.0096875
0.0088125
0.008375
0.0094375
0.0125
0.011
0.0090625
0.00875
0.0096875
0.0098125
0.0110625
0.0106875
0.01
0.0089375
0.0085
0.005375
0.0080625
0.0069375
0.0065625
0.0056875
0.004625
0.0058125
0.0090625
0.0088125
0.0084375
0.00775
0.0074375
0.008
0.0076875
0.0081875
0.0083125
0.008125
0.0085625
0.01
0.0105
0.0103125
0.0093125
0.0086875
0.0081875
0.0053125
0.0075
0.0075625
0.0075
0.0069375
0.0063125
0.007
0.0091875
0.01
0.0113125
0.0095625
0.0091875
0.0113125
0.0124375
0.01175
0.0109375
0.010375
0.0108125
0.010875
0.01075
0.01025
0.0094375
0.0088125
0.0080625
0.006125
0.0076875
0.0073125
0.007
0.0056875
0.0058125
0.0065
0.0085625
0.0089375
0.009
0.009
0.0096875
0.010375
0.0104375
0.01
0.009
0.00875
0.0098125
0.0096875
0.0099375
0.01
0.0090625
0.00825
0.008
0.00525
0.0070625
0.0064375
0.0065625
0.00675
0.006
0.00625
0.008
0.00975
0.01
0.0086875
0.0090625
0.009625
0.0093125
0.0090625
0.0084375
0.0085625
0.0098125
0.0099375
0.0100625
0.0096875
0.008625
0.007375
0.007
0.0049375
0.006875
0.0068125
0.006625
0.0065625
0.005625
0.005875
0.0075
0.0078125
0.0076875
0.009
0.009
0.0099375
0.0096875
0.0103125
0.01
0.0098125
0.0105625
0.0108125
0.011125
0.01075
0.0103125
0.0089375
0.0076875
0.0055625
0.0078125
0.0075
0.0078125
0.007
0.0060625
0.0065
0.0105
0.0128125
0.0138125
0.013
0.0118125
0.01225
0.0115
0.0105
0.00925
0.00975
0.01075
0.0111875
0.0115
0.0110625
0.01025
0.0086875
0.0070625
0.0039375
0.00475
0.0043125
0.0043125
0.0041875
0.0048125
0.0058125
0.0085625
0.0104375
0.0115
0.0103125
0.0095
0.0100625
0.0099375
0.008875
0.0088125
0.0085
0.0093125
0.0101875
0.0110625
0.01125
0.0100625
0.0081875
0.00775
0.00525
0.0066875
0.0065
0.006375
0.0061875
0.0065
0.0065
0.00875
0.0086875
0.0081875
0.006875
0.008
0.0094375
0.0093125
0.008875
0.0085
0.008625
0.0091875
0.0091875
0.0098125
0.01
0.0105625
0.01025
0.009
0.006
0.0081875
0.008
0.0075625
0.00725
0.00775
0.0085
0.011
0.0114375
0.0118125
0.0116875
0.011
0.0115
0.0113125
0.0110625
0.0109375
0.01075
0.011
0.0113125
0.0113125
0.011375
0.011125
0.0105
0.008625
0.005375
0.0075
0.0073125
0.00775
0.007625
0.007875
0.00825
0.01125
0.0118125
0.0113125
0.011
0.009
0.011125
0.01075
0.0104375
0.01
0.0095
0.0101875
0.010375
0.0108125
0.011
0.011125
0.0103125
0.00975
0.0065
0.00575
0.0079375
0.007375
0.0071875
0.0074375
0.0068125
0.006875
0.0111875
0.0116875
0.0113125
0.0105
0.0096875
0.0109375
0.0105
0.0101875
0.010375
0.00925
0.0106875
0.0115625
0.012
0.012
0.01175
0.0110625
0.0096875
0.00625
0.0078125
0.0073125
0.00725
0.0075
0.0064375
0.0073125
0.0116875
0.012375
0.0124375
0.0111875
0.0103125
0.0105
0.0095
0.00775
0.008
0.0088125
0.0096875
0.01025
0.01025
0.0105
0.01
0.0094375
0.0081875
0.0058125
0.007375
0.0068125
0.006375
0.0059375
0.0056875
0.0058125
0.00975
0.0109375
0.0101875
0.008125
0.0091875
0.0100625
0.01
0.010125
0.0098125
0.0095
0.010375
0.0101875
0.0109375
0.011
0.0103125
0.008875
0.008125
0.00575
0.0081875
0.0075625
0.007125
0.0063125
0.0056875
0.0046875
0.0076875
0.0108125
0.0108125
0.009875
0.00925
0.00925
0.0099375
0.0096875
0.009625
0.009875
0.010125
0.01025
0.0104375
0.0118125
0.0125625
0.0119375
0.010375
0.007125
0.009375
0.0094375
0.0086875
0.008
0.008375
0.0085
0.0095
0.01
0.0115
0.0105
0.00975
0.0095625
0.0098125
0.010125
0.0106875
0.0105625
0.01125
0.0115
0.0116875
0.0125
0.011875
0.011625
0.0108125
0.0070625
0.0094375
0.0093125
0.0091875
0.009
0.009
0.0093125
0.0125
0.0140625
0.0146875
0.0139375
0.0118125
0.0110625
0.013125
0.0145
0.014
0.0095625
0.009125
0.011625
0.0121875
0.0110625
0.0159375
0.0130625
0.00975
0.0050625
0.008375
0.0084375
0.0086875
0.0091875
0.0095
0.0108125
0.0150625
0.0144375
0.0130625
0.0128125
0.0115
0.013625
0.0133125
0.01325
0.0123125
0.012
0.0134375
0.012875
0.013125
0.01125
0.013125
0.013125
0.012
0.0075625
0.0095
0.0091875
0.0091875
0.009125
0.0091875
0.0096875
0.0131875
0.0143125
0.013125
0.013
0.0126875
0.0138125
0.0136875
0.0135625
0.0128125
0.0121875
0.013
0.0135
0.014125
0.0141875
0.013625
0.0120625
0.011125
0.007375
0.0086875
0.0083125
0.0085
0.008375
0.0093125
0.009375
0.0123125
0.013625
0.0140625
0.013
0.0119375
0.0133125
0.01375
0.01375
0.0125
0.0121875
0.012375
0.012125
0.0123125
0.0125
0.0115625
0.0099375
0.008875
0.006
0.008
0.0076875
0.008125
0.00775
0.008
0.0083125
0.0104375
0.012
0.013
0.011875
0.009875
0.011125
0.0123125
0.0115625
0.0108125
0.01
0.011
0.0111875
0.0119375
0.0120625
0.01175
0.0100625
0.0086875
0.00575
0.008
0.0075625
0.007
0.0069375
0.0065
0.0065625
0.0094375
0.0100625
0.01
0.0099375
0.0098125
0.01075
0.0108125
0.0103125
0.008375
0.008
0.0093125
0.0104375
0.0115
0.01175
0.011
0.00975
0.0071875
0.005875
0.0076875
0.0070625
0.00675
0.0065625
0.0056875
0.006125
0.0073125
0.0076875
0.0075
0.007125
0.006875
0.009125
0.0091875
0.0083125
0.0076875
0.007
0.0085625
0.00875
0.0096875
0.01
0.0098125
0.0085
0.0076875
0.005375
0.008
0.00725
0.0078125
0.007625
0.0066875
0.007
0.0101875
0.0126875
0.01325
0.0106875
0.0095
0.009875
0.0094375
0.0085
0.0075
0.00825
0.0098125
0.0099375
0.01025
0.0109375
0.0105625
0.0095
0.0085
0.0059375
0.0071875
0.0066875
0.006875
0.0063125
0.0064375
0.00725
0.00975
0.0105
0.011
0.0085
0.0090625
0.0094375
0.00875
0.0089375
0.007875
0.007625
0.0088125
0.0095
0.0095625
0.010125
0.01
0.0090625
0.008
0.00525
0.00725
0.00675
0.0059375
0.0056875
0.006375
0.007125
0.0095
0.009875
0.0105
0.0093125
0.008
0.0083125
0.0076875
0.0074375
0.0071875
0.0073125
0.0086875
0.0095
0.009375
0.009625
0.0091875
0.008375
0.00775
0.005
0.0065625
0.0065
0.006
0.006
0.0065
0.007
0.009
0.00925
0.0096875
0.0091875
0.008625
0.008
0.0081875
0.0085625
0.008125
0.0078125
0.008375
0.009125
0.0090625
0.0093125
0.0091875
0.00875
0.0081875
0.0055625
0.0069375
0.00675
0.0065
0.0065
0.0055
0.00575
0.00875
0.0094375
0.0085625
0.008625
0.0081875
0.009125
0.0085625
0.00875
0.00825
0.0079375
0.0085625
0.0089375
0.009
0.008875
0.009125
0.0085625
0.008625
0.005625
0.0075
0.0068125
0.0061875
0.0058125
0.004875
0.0051875
0.0079375
0.00925
0.0093125
0.0079375
0.00675
0.0079375
0.0080625
0.0079375
0.0078125
0.0076875
0.0083125
0.008875
0.009375
0.0098125
0.0095
0.0089375
0.008
0.005375
0.0065
0.00625
0.006
0.0055
0.0044375
0.0043125
0.00725
0.00875
0.0076875
0.0065
0.0063125
0.0075625
0.0071875
0.0074375
0.007
0.0065
0.0068125
0.00775
0.0088125
0.0089375
0.008875
0.008625
0.0085
0.0056875
0.007125
0.0068125
0.0060625
0.005125
0.004625
0.0055
0.0101875
0.0115625
0.01075
0.008375
0.007875
0.0083125
0.007
0.0069375
0.0066875
0.0073125
0.009
0.009
0.0091875
0.009375
0.0086875
0.00825
0.0075
0.00575
0.0071875
0.0065625
0.0064375
0.0043125
0.0050625
0.006625
0.0091875
0.009375
0.00825
0.0081875
0.0073125
0.008375
0.0081875
0.0079375
0.00725
0.00675
0.0081875
0.008
0.0085
0.0085
0.0080625
0.007
0.0064375
0.0045625
0.0063125
0.0061875
0.0063125
0.0063125
0.0055
0.00525
0.0074375
0.0071875
0.0073125
0.007
0.0065
0.007875
0.0079375
0.0076875
0.0070625
0.00675
0.008
0.0080625
0.008125
0.008
0.0073125
0.0060625
0.006125
0.0045625
0.006
0.0058125
0.0056875
0.0058125
0.0048125
0.0053125
0.007875
0.0084375
0.0075
0.0071875
0.0068125
0.0065
0.0061875
0.007
0.0073125
0.0071875
0.0083125
0.008
0.0085
0.0080625
0.0076875
0.00675
0.00625
0.00475
0.006375
0.006125
0.0061875
0.005875
0.0041875
0.005125
0.0073125
0.0075
0.007375
0.0071875
0.0075
0.0079375
0.0070625
0.00725
0.0075625
0.007
0.0079375
0.0080625
0.0081875
0.0083125
0.0074375
0.00625
0.00675
0.0046875
0.006625
0.005875
0.005625
0.0056875
0.0044375
0.004875
0.0083125
0.0088125
0.00775
0.0064375
0.0063125
0.008
0.0066875
0.006
0.0058125
0.0055
0.00575
0.0069375
0.0075625
0.0075
0.0069375
0.0063125
0.006375
0.004625
0.004625
0.004
0.00325
0.00325
0.0035
0.005
0.0065
0.00675
0.006625
0.006375
0.007125
0.008625
0.00825
0.0074375
0.0063125
0.0065
0.00675
0.006625
0.006875
0.0089375
0.0088125
0.00775
0.0079375
0.005
0.0065
0.006625
0.0065625
0.0063125
0.0059375
0.0066875
0.008
0.007875
0.008125
0.0095625
0.0094375
0.0100625
0.0095
0.008625
0.008875
0.00875
0.0096875
0.0095
0.0098125
0.0091875
0.0085625
0.00775
0.00775
0.005125
0.0049375
0.0040625
0.004
0.00425
0.0045
0.005375
0.0086875
0.009
0.0101875
0.0094375
0.0080625
0.0083125
0.008625
0.0085625
0.0079375
0.0075625
0.0078125
0.0079375
0.0086875
0.008875
0.0086875
0.008
0.0068125
0.0048125
0.0074375
0.007
0.0063125
0.00625
0.0058125
0.006625
0.008375
0.0086875
0.009625
0.0088125
0.0083125
0.0095
0.0096875
0.009875
0.0095
0.0086875
0.0095
0.0095
0.0099375
0.01
0.0095
0.0080625
0.0078125
0.005625
0.007125
0.006625
0.0065
0.00575
0.00525
0.00575
0.00775
0.00875
0.00925
0.0085
0.0076875
0.009375
0.0096875
0.01
0.0089375
0.0080625
0.0089375
0.0093125
0.00975
0.01
0.0094375
0.0080625
0.00725
0.0051875
0.007
0.0066875
0.0065625
0.0065
0.00575
0.00625
0.00825
0.0085
0.008
0.009
0.0080625
0.009125
0.0086875
0.0081875
0.0078125
0.0075
0.008125
0.00825
0.0089375
0.009
0.0085625
0.0074375
0.0068125
0.0050625
0.0071875
0.007375
0.0066875
0.00575
0.0045
0.005
0.007
0.0085
0.0080625
0.007
0.0063125
0.0061875
0.007
0.007625
0.0068125
0.00625
0.007125
0.007625
0.008375
0.008375
0.00825
0.00675
0.007
0.0048125
0.0061875
0.0056875
0.005375
0.00575
0.00575
0.0053125
0.005625
0.0055625
0.0059375
0.0055625
0.0065
0.0079375
0.0078125
0.007
0.0061875
0.0060625
0.0065
0.00725
0.007875
0.007875
0.008
0.007
0.0074375
0.0050625
0.0065
0.006125
0.006
0.0058125
0.0051875
0.0056875
0.0084375
0.01
0.009875
0.008375
0.00675
0.0075625
0.007625
0.007375
0.007125
0.0055625
0.0069375
0.0083125
0.00925
0.0094375
0.009
0.0081875
0.0075
0.004875
0.0065
0.006125
0.006125
0.006
0.0061875
0.0060625
0.0085
0.010125
0.010375
0.0089375
0.0080625
0.0085
0.0079375
0.007375
0.0071875
0.00675
0.0065625
0.0071875
0.0089375
0.0091875
0.0083125
0.0076875
0.0071875
0.005
0.0060625
0.006
0.0054375
0.0055625
0.0059375
0.006
0.0093125
0.009875
0.0093125
0.008375
0.0071875
0.00775
0.00725
0.00725
0.0065
0.0066875
0.0073125
0.0081875
0.0085625
0.0083125
0.0079375
0.0071875
0.0073125
0.00525
0.0061875
0.0053125
0.0053125
0.005375
0.0049375
0.0050625
0.0089375
0.0096875
0.0088125
0.0075
0.0060625
0.0064375
0.006
0.005375
0.005125
0.0055
0.00575
0.006
0.007
0.0079375
0.0078125
0.007
0.00675
0.0048125
0.00575
0.00575
0.005375
0.0053125
0.005375
0.0054375
0.0085
0.0090625
0.008625
0.0055625
0.0059375
0.007
0.0066875
0.006375
0.0059375
0.005
0.0055
0.0056875
0.0068125
0.0073125
0.0075
0.0075
0.008
0.0055625
0.0075
0.0066875
0.0058125
0.0055
0.0046875
0.004875
0.0084375
0.0088125
0.00775
0.007
0.006
0.0064375
0.0055
0.0051875
0.0051875
0.0054375
0.00525
0.005625
0.0063125
0.0070625
0.00775
0.007
0.006875
0.004875
0.0061875
0.006
0.0055
0.0055625
0.00425
0.0046875
0.0055
0.0065625
0.0069375
0.0058125
0.005875
0.006375
0.006
0.0059375
0.005375
0.0054375
0.00525
0.0058125
0.0064375
0.0071875
0.0070625
0.007
0.007625
0.0055
0.007
0.0068125
0.00625
0.00625
0.00525
0.00625
0.0096875
0.0095625
0.0093125
0.0076875
0.0074375
0.008375
0.0074375
0.00725
0.0069375
0.006375
0.0069375
0.00725
0.0078125
0.007625
0.0071875
0.0066875
0.007125
0.0050625
0.00475
0.0039375
0.0040625
0.004
0.0044375
0.0055
0.0081875
0.008625
0.0081875
0.0078125
0.0075625
0.0071875
0.0073125
0.0071875
0.0069375
0.0065
0.007
0.0075
0.0075625
0.00775
0.00675
0.007
0.0065
0.0049375
0.00625
0.00575
0.0051875
0.0043125
0.00425
0.005625
0.0076875
0.008125
0.007875
0.007125
0.0068125
0.0071875
0.006875
0.0066875
0.0065
0.0064375
0.0065625
0.00675
0.0075
0.00775
0.007625
0.007125
0.006875
0.004375
0.0055
0.0055
0.005625
0.0053125
0.0043125
0.0061875
0.0078125
0.0081875
0.0083125
0.007375
0.0073125
0.0078125
0.0075
0.0075
0.0071875
0.0070625
0.0075
0.0079375
0.0071875
0.0071875
0.008125
0.0075625
0.0075
0.0054375
0.0068125
0.0061875
0.006625
0.0063125
0.0058125
0.006
0.0081875
0.0073125
0.00675
0.00725
0.007375
0.008625
0.00775
0.0074375
0.0068125
0.00675
0.0069375
0.0073125
0.0081875
0.0088125
0.0080625
0.0075
0.0069375
0.0051875
0.0071875
0.0065625
0.0064375
0.005875
0.005
0.0055
0.0074375
0.0075
0.0075
0.0071875
0.0066875
0.0073125
0.0068125
0.006375
0.0058125
0.0058125
0.0065
0.0066875
0.007875
0.0084375
0.00725
0.00725
0.0071875
0.005
0.006125
0.0058125
0.00575
0.00475
0.004
0.005
0.0071875
0.007375
0.0074375
0.007
0.0066875
0.0070625
0.0065
0.0064375
0.005875
0.0056875
0.00575
0.00675
0.00725
0.0075
0.00775
0.00675
0.006
0.004375
0.0058125
0.0056875
0.005375
0.0041875
0.0045
0.00625
0.007875
0.007875
0.0079375
0.0071875
0.0073125
0.0073125
0.00725
0.0069375
0.0065
0.006375
0.0069375
0.0066875
0.007375
0.0079375
0.0075
0.0066875
0.0070625
0.00525
0.0069375
0.0061875
0.006
0.0048125
0.0045625
0.0059375
0.00725
0.0078125
0.007125
0.0060625
0.0064375
0.0061875
0.006375
0.0064375
0.0058125
0.0055625
0.0056875
0.0059375
0.006375
0.0066875
0.00675
0.0061875
0.0063125
0.00475
0.00625
0.0059375
0.006
0.0043125
0.004
0.0050625
0.0069375
0.007
0.007
0.006375
0.006125
0.006
0.0056875
0.005375
0.0051875
0.0048125
0.0053125
0.0053125
0.006
0.005875
0.0059375
0.00575
0.0059375
0.0043125
0.0056875
0.0055625
0.003625
0.0038125
0.0035625
0.0045
0.00675
0.00725
0.0068125
0.0069375
0.006375
0.006375
0.00625
0.00575
0.005
0.005125
0.005625
0.0056875
0.0061875
0.0065
0.0061875
0.006125
0.0058125
0.0040625
0.00525
0.00525
0.0045
0.0035625
0.0035
0.0049375
0.0061875
0.0063125
0.0065
0.006
0.00625
0.0069375
0.0065
0.0058125
0.0056875
0.0050625
0.0055
0.00575
0.0061875
0.0065625
0.006
0.005625
0.005875
0.0044375
0.0058125
0.006
0.00525
0.0034375
0.0030625
0.00425
0.00575
0.0063125
0.0063125
0.0058125
0.0055625
0.0055
0.0049375
0.0045625
0.0045
0.00425
0.0046875
0.004875
0.005625
0.0058125
0.00575
0.0055
0.0053125
0.0039375
0.00525
0.00525
0.0046875
0.0038125
0.0036875
0.004375
0.005125
0.006
0.006
0.0056875
0.005375
0.0059375
0.005375
0.0055
0.0056875
0.0054375
0.0055625
0.00625
0.00725
0.00725
0.007
0.0065
0.0060625
0.004625
0.00575
0.0045
0.004125
0.004
0.003875
0.00525
0.0066875
0.008875
0.007
0.0061875
0.0064375
0.0060625
0.00625
0.00575
0.005625
0.0053125
0.0053125
0.006
0.007
0.00725
0.00725
0.0066875
0.006875
0.0051875
0.006875
0.0069375
0.0065
0.0055625
0.0049375
0.006
0.0068125
0.008
0.008
0.00825
0.008
0.00675
0.00675
0.0075
0.00675
0.0065
0.0061875
0.0073125
0.008
0.0081875
0.0080625
0.0074375
0.007
0.0055
0.0071875
0.0076875
0.0075
0.007625
0.0056875
0.005875
0.008125
0.0088125
0.007375
0.006625
0.006375
0.007625
0.008
0.007375
0.0065
0.006125
0.0061875
0.0068125
0.0076875
0.0078125
0.007375
0.0068125
0.0068125
0.0055
0.0075
0.0065625
0.0064375
0.006375
0.0053125
0.0055
0.0068125
0.0073125
0.0066875
0.0063125
0.0065
0.006
0.00575
0.0055
0.00725
0.00825
0.008
0.0084375
0.0083125
0.00825
0.0079375
0.0075
0.005875
0.004
0.0038125
0.0035625
0.0034375
0.0035
0.0033125
0.0036875
0.0035
0.005875
0.0051875
0.00525
0.0041875
0.0050625
0.0053125
0.0051875
0.00425
0.004
0.00375
0.004
0.0038125
0.0046875
0.004
0.0049375
0.0043125
0.003
0.00775
0.00775
0.0070625
0.0073125
0.0055
0.0058125
0.0090625
0.0108125
0.0101875
0.0089375
0.0075625
0.0075
0.0069375
0.0065
0.0063125
0.005875
0.005875
0.006625
0.007
0.0073125
0.0060625
0.00625
0.0061875
0.0045
0.0058125
0.005875
0.0051875
0.0044375
0.0041875
0.0053125
0.00675
0.0074375
0.0070625
0.0065
0.0065
0.0075
0.007
0.0064375
0.0060625
0.00625
0.0061875
0.006
0.0063125
0.0060625
0.0061875
0.00675
0.00675
0.00525
0.0068125
0.00675
0.00675
0.0051875
0.004375
0.0054375
0.0081875
0.011
0.010875
0.0084375
0.00725
0.008
0.00775
0.007
0.0066875
0.0066875
0.006625
0.0076875
0.0081875
0.008625
0.0080625
0.007125
0.0065
0.004
0.005
0.00475
0.00475
0.0045625
0.005125
0.0065625
0.01
0.0105
0.0119375
0.0108125
0.0090625
0.0089375
0.0086875
0.0085
0.0076875
0.007625
0.008
0.00825
0.00975
0.00975
0.0095
0.00875
0.0071875
0.0045625
0.0056875
0.004875
0.0049375
0.0053125
0.0055
0.007
0.0115
0.0121875
0.0118125
0.010875
0.0093125
0.0090625
0.00875
0.0080625
0.0081875
0.00775
0.008375
0.009
0.0106875
0.010125
0.009875
0.008625
0.0075
0.0046875
0.005625
0.004875
0.00475
0.0051875
0.0055
0.007
0.0115625
0.012
0.01225
0.0110625
0.0094375
0.0091875
0.008875
0.0084375
0.0076875
0.0075
0.0075
0.0083125
0.0095625
0.009625
0.0095625
0.00875
0.00725
0.0049375
0.0055
0.0050625
0.0046875
0.00475
0.005375
0.006875
0.01125
0.012
0.011875
0.009375
0.0085
0.0085
0.00825
0.0080625
0.0074375
0.0075
0.0081875
0.008
0.0098125
0.0076875
0.0108125
0.0095
0.0076875
0.0046875
0.0061875
0.0048125
0.004375
0.0045
0.004625
0.006
0.0096875
0.011375
0.010625
0.0088125
0.0075625
0.0071875
0.0074375
0.0068125
0.0066875
0.0065625
0.007
0.0074375
0.0090625
0.0093125
0.0093125
0.008125
0.00675
0.0044375
0.0048125
0.004375
0.00425
0.00425
0.00425
0.0056875
0.0090625
0.01025
0.009375
0.007875
0.0075
0.00775
0.0075
0.007
0.0065
0.00625
0.0064375
0.007
0.0085
0.0090625
0.008625
0.007875
0.00725
0.0045
0.0056875
0.0050625
0.0049375
0.0048125
0.0046875
0.006
0.009
0.0098125
0.0105
0.00875
0.00825
0.007875
0.0078125
0.0070625
0.007
0.00625
0.0061875
0.0065625
0.0069375
0.006375
0.0064375
0.0071875
0.0073125
0.00475
0.006375
0.006125
0.006
0.005625
0.004375
0.0058125
0.0075625
0.0059375
0.0065
0.0078125
0.0086875
0.008375
0.0074375
0.0065
0.0061875
0.0055625
0.0054375
0.0056875
0.0068125
0.006875
0.0071875
0.0065
0.006
0.00475
0.008
0.00775
0.00775
0.005125
0.004375
0.0055
0.006625
0.0066875
0.006625
0.0066875
0.006625
0.0071875
0.0070625
0.00675
0.006
0.0056875
0.0058125
0.006375
0.007375
0.0078125
0.0076875
0.0074375
0.0073125
0.0051875
0.0069375
0.007
0.0061875
0.0043125
0.0041875
0.005125
0.0065
0.0075625
0.007125
0.0065
0.007
0.0068125
0.0081875
0.0085
0.008375
0.0078125
0.007875
0.00825
0.0090625
0.0096875
0.0093125
0.0086875
0.00825
0.005875
0.007625
0.0066875
0.0065
0.0065625
0.0054375
0.005875
0.0079375
0.0085
0.0071875
0.0070625
0.0065
0.007
0.0075
0.0068125
0.0069375
0.00625
0.00625
0.0065
0.0075
0.0075625
0.007625
0.0075
0.0078125
0.0056875
0.0083125
0.0076875
0.007
0.005375
0.0043125
0.0053125
0.0070625
0.00825
0.0071875
0.0060625
0.0059375
0.006
0.005875
0.0063125
0.005875
0.00575
0.006
0.006
0.00725
0.00725
0.0070625
0.0066875
0.00675
0.0056875
0.0078125
0.0075
0.0070625
0.005
0.0043125
0.004875
0.00625
0.007
0.0075625
0.0056875
0.0059375
0.0065
0.0061875
0.006375
0.0058125
0.005625
0.0058125
0.006
0.006
0.0065
0.00675
0.0064375
0.007
0.0045625
0.0061875
0.006125
0.006
0.0055625
0.0044375
0.0048125
0.0061875
0.0065625
0.0065
0.00625
0.0061875
0.006375
0.0065
0.0059375
0.0056875
0.005
0.0051875
0.005625
0.006
0.0061875
0.0061875
0.006
0.0063125
0.0048125
0.00625
0.0063125
0.0054375
0.00425
0.0039375
0.0048125
0.0055625
0.0064375
0.00625
0.0059375
0.0056875
0.005375
0.005125
0.005125
0.005
0.004875
0.004375
0.0049375
0.0050625
0.0055
0.0054375
0.0050625
0.004625
0.003875
0.0058125
0.005
0.00425
0.00375
0.003875
0.0045
0.0055
0.006875
0.00625
0.0060625
0.006125
0.0055
0.0055
0.0050625
0.0049375
0.004875
0.0049375
0.0050625
0.0053125
0.005375
0.0055
0.0055
0.0054375
0.0035625
0.00425
0.0036875
0.0038125
0.00375
0.003625
0.0043125
0.005375
0.006625
0.0071875
0.006625
0.0061875
0.0056875
0.0058125
0.0058125
0.0056875
0.0058125
0.0056875
0.0058125
0.00625
0.0064375
0.006
0.0060625
0.0054375
0.0038125
0.0041875
0.004
0.0039375
0.0038125
0.0040625
0.0045
0.0059375
0.00725
0.006625
0.006875
0.00625
0.005875
0.0055
0.0046875
0.0046875
0.004625
0.005
0.0053125
0.0055625
0.00525
0.0055
0.00525
0.0048125
0.0031875
0.0046875
0.004125
0.0036875
0.0039375
0.0031875
0.0045625
0.0059375
0.0063125
0.00725
0.0064375
0.0055625
0.00525
0.005
0.00475
0.00475
0.00425
0.00425
0.0050625
0.005125
0.0053125
0.0050625
0.0051875
0.00475
0.00325
0.004
0.0038125
0.0035
0.0038125
0.0035
0.0040625
0.0053125
0.005625
0.005875
0.005875
0.0058125
0.005625
0.0050625
0.0048125
0.004625
0.0045625
0.0045
0.0049375
0.0045
0.006375
0.0054375
0.00525
0.005
0.0035
0.00425
0.0038125
0.0035
0.0034375
0.003375
0.003625
0.0055
0.00525
0.007
0.00675
0.00625
0.0054375
0.0055
0.005375
0.0049375
0.004375
0.003625
0.00525
0.00525
0.00425
0.00625
0.005
0.0046875
0.0033125
0.00325
0.0049375
0.0035
0.0035625
0.00375
0.004
0.0056875
0.0053125
0.00675
0.0064375
0.006
0.0056875
0.0053125
0.0048125
0.00525
0.005
0.00475
0.005
0.0055625
0.005625
0.0053125
0.0055
0.0046875
0.0035
0.0048125
0.0041875
0.003
0.0048125
0.004
0.0045625
0.0059375
0.006375
0.006125
0.0071875
0.0058125
0.0045
0.0063125
0.00475
0.0049375
0.0045
0.0045625
0.0048125
0.0049375
0.0051875
0.0050625
0.0048125
0.0044375
0.00325
0.00275
0.0045
0.0038125
0.0024375
0.00475
0.004625
0.005125
0.006375
0.006125
0.00575
0.0055
0.005
0.00525
0.004
0.0051875
0.0038125
0.00425
0.00525
0.005
0.0035625
0.0064375
0.0045
0.0031875
0.004
0.004
0.0038125
0.0036875
0.0035
0.0035625
0.00375
0.0030625
0.0073125
0.006625
0.005875
0.0056875
0.005125
0.005
0.0043125
0.0045
0.0041875
0.0040625
0.0045
0.0049375
0.0045
0.0043125
0.0050625
0.004125
0.0033125
0.0053125
0.004125
0.003
0.0043125
0.003
0.0036875
0.0046875
0.005375
0.0055
0.0053125
0.0051875
0.00525
0.0046875
0.0045
0.0040625
0.004
0.0039375
0.0045
0.0045625
0.00475
0.00375
0.0054375
0.0040625
0.0029375
0.004
0.0035
0.003375
0.003125
0.002875
0.0033125
0.0038125
0.004
0.004375
0.0038125
0.004
0.003875
0.0038125
0.003625
0.0035625
0.003625
0.0035625
0.004
0.00425
0.0041875
0.0038125
0.00375
0.003625
0.0028125
0.003875
0.0034375
0.003375
0.0033125
0.002
0.0033125
0.0046875
0.0048125
0.0046875
0.0055625
0.00525
0.0045625
0.0046875
0.0043125
0.003
0.0051875
0.0029375
0.0058125
0.0046875
0.0045625
0.00425
0.00425
0.0044375
0.0028125
0.00375
0.00275
0.00375
0.00325
0.0034375
0.0038125
0.0046875
0.0043125
0.00625
0.0024375
0.0020625
0.005
0.00575
0.005
0.0065625
0.0046875
0.00475
0.0041875
0.002875
0.0065
0.0039375
0.004
0.0045
0.00325
0.004
0.004
0.0035
0.0035
0.0026875
0.0046875
0.004625
0.00475
0.00575
0.003
0.006
0.0051875
0.0033125
0.0055625
0.0061875
0.0053125
0.004
0.0049375
0.0041875
0.004875
0.004125
0.0045625
0.004
0.00225
0.0035
0.00275
0.0036875
0.0030625
0.00325
0.0035
0.002875
0.0061875
0.0051875
0.00525
0.00525
0.0053125
0.005
0.005
0.0044375
0.0041875
0.0040625
0.00425
0.0046875
0.0048125
0.0045625
0.0041875
0.00425
0.002875
0.0038125
0.0025625
0.0045
0.00375
0.00325
0.00375
0.00475
0.0049375
0.0053125
0.003
0.006
0.0041875
0.0040625
0.004
0.00375
0.0035625
0.0036875
0.0043125
0.0039375
0.0035
0.00475
0.0033125
0.0043125
0.0016875
0.0038125
0.0026875
0.0035625
0.003
0.0025
0.0034375
0.0038125
0.0045
0.0045
0.0045
0.00325
0.0049375
0.003
0.0048125
0.00375
0.003625
0.003625
0.0036875
0.0036875
0.002625
0.0051875
0.0036875
0.003625
0.0025
0.002875
0.003375
0.0029375
0.003
0.001875
0.004125
0.0038125
0.00375
0.004625
0.004125
0.00425
0.0043125
0.0043125
0.003875
0.00375
0.0035
0.00325
0.0035
0.0039375
0.0035625
0.0024375
0.0045625
0.00425
0.0026875
0.0033125
0.003
0.0026875
0.0023125
0.003
0.0026875
0.0038125
0.003875
0.0043125
0.0035
0.0040625
0.0034375
0.0038125
0.0045
0.003375
0.003625
0.0035
0.003375
0.003625
0.0046875
0.0038125
0.00375
0.00375
0.00225
0.0035
0.0028125
0.003
0.0025
0.0025625
0.0029375
0.0035
0.004
0.003875
0.004875
0.00375
0.003875
0.0038125
0.0038125
0.00275
0.00425
0.0036875
0.0033125
0.0035
0.004875
0.0036875
0.004125
0.0035
0.0025
0.00375
0.0031875
0.003
0.0028125
0.0025
0.00375
0.004
0.004125
0.004375
0.004125
0.0036875
0.0048125
0.0043125
0.0043125
0.0040625
0.0036875
0.004
0.004
0.004625
0.004625
0.00325
0.00525
0.0041875
0.0025625
0.0031875
0.003625
0.0030625
0.0023125
0.003625
0.0035
0.0035625
0.0054375
0.0045
0.004875
0.0048125
0.004375
0.0043125
0.0043125
0.003875
0.004125
0.0040625
0.004
0.004625
0.004125
0.0045
0.0045
0.0025625
0.0044375
0.004
0.0030625
0.00275
0.00275
0.003
0.00425
0.0026875
0.004
0.007
0.0050625
0.00475
0.0045625
0.0045
0.0041875
0.00425
0.004
0.0041875
0.0041875
0.0045
0.004625
0.0045
0.0041875
0.004
0.0025625
0.00425
0.0034375
0.003375
0.0026875
0.0028125
0.0035
0.0041875
0.0049375
0.004875
0.004625
0.004375
0.004125
0.0043125
0.00425
0.0043125
0.0036875
0.0038125
0.0039375
0.004375
0.003875
0.00425
0.0036875
0.0038125
0.00275
0.0035
0.0033125
0.00325
0.003
0.0029375
0.0031875
0.0043125
0.004375
0.0046875
0.005125
0.0045
0.0045
0.0045
0.004375
0.0044375
0.0040625
0.004125
0.004375
0.004625
0.004625
0.0046875
0.004375
0.0045
0.003125
0.0039375
0.003375
0.0033125
0.0030625
0.0025
0.0029375
0.004375
0.0049375
0.0050625
0.0044375
0.00425
0.00425
0.0041875
0.004
0.0038125
0.003375
0.0038125
0.0040625
0.00425
0.0040625
0.004
0.0038125
0.003625
0.0026875
0.003375
0.00325
0.003
0.0030625
0.0026875
0.0029375
0.003375
0.0044375
0.0050625
0.005625
0.0055625
0.0063125
0.006125
0.0046875
0.0038125
0.0035625
0.003625
0.003875
0.00475
0.0045625
0.0044375
0.00425
0.00425
0.0026875
0.0039375
0.0033125
0.0031875
0.0030625
0.003125
0.003625
0.00425
0.0049375
0.0045625
0.0044375
0.0045625
0.00425
0.0045
0.003875
0.004
0.0038125
0.0035625
0.0039375
0.004375
0.0041875
0.004125
0.004125
0.00375
0.00275
0.003375
0.0033125
0.003
0.0028125
0.0028125
0.0035
0.004375
0.005
0.0051875
0.0045
0.00425
0.00425
0.0044375
0.0038125
0.0035625
0.0039375
0.0036875
0.0038125
0.0045
0.00475
0.0039375
0.003875
0.0038125
0.002625
0.0034375
0.0030625
0.00275
0.00275
0.0028125
0.0034375
0.004
0.0045625
0.0049375
0.00475
0.0044375
0.0043125
0.0045
0.004
0.003875
0.004125
0.0041875
0.004375
0.0046875
0.004625
0.004375
0.0044375
0.0040625
0.0029375
0.004375
0.0034375
0.00275
0.0029375
0.0025625
0.00325
0.00375
0.005
0.005
0.0045
0.0043125
0.004625
0.0040625
0.00425
0.004375
0.0041875
0.004125
0.004
0.004375
0.0046875
0.00475
0.003875
0.0041875
0.0029375
0.003625
0.0035
0.003
0.0026875
0.0025625
0.003125
0.004125
0.004375
0.0046875
0.0044375
0.00425
0.0044375
0.004
0.004
0.0036875
0.003625
0.0035
0.0035
0.003875
0.004125
0.00375
0.00375
0.003875
0.0028125
0.0034375
0.003375
0.003125
0.002875
0.002375
0.00275
0.00325
0.00325
0.0031875
0.0048125
0.005375
0.004625
0.004
0.0035
0.00325
0.0034375
0.003375
0.0036875
0.00375
0.00375
0.00375
0.0035625
0.0031875
0.002
0.003
0.0028125
0.0026875
0.0025625
0.00275
0.00325
0.00375
0.004
0.00425
0.00375
0.00375
0.004
0.0038125
0.003625
0.0033125
0.00325
0.0035
0.0039375
0.0038125
0.003875
0.0035
0.003625
0.0035625
0.0024375
0.0035
0.00325
0.0026875
0.0028125
0.00275
0.0033125
0.0038125
0.004125
0.0036875
0.0035625
0.0039375
0.004
0.0038125
0.0035625
0.003625
0.003375
0.0038125
0.0038125
0.0038125
0.003875
0.0036875
0.0039375
0.0035
0.0025625
0.0030625
0.003125
0.0026875
0.003125
0.0026875
0.0030625
0.0034375
0.0038125
0.0045
0.0041875
0.004
0.0040625
0.0044375
0.0035625
0.003625
0.0033125
0.003375
0.003625
0.004
0.004
0.0036875
0.0036875
0.003625
0.0023125
0.0030625
0.003
0.0029375
0.0028125
0.0026875
0.0030625
0.0033125
0.004125
0.004
0.0040625
0.0039375
0.0040625
0.0035
0.0034375
0.0038125
0.00325
0.0035
0.0039375
0.004
0.0040625
0.0039375
0.0035625
0.003625
0.0023125
0.0036875
0.0030625
0.0028125
0.0026875
0.0025
0.00325
0.003375
0.0038125
0.004
0.0043125
0.0041875
0.003875
0.0038125
0.003875
0.00375
0.003375
0.003625
0.004
0.00375
0.004
0.0039375
0.0038125
0.0036875
0.0025625
0.003625
0.0028125
0.003
0.00275
0.0029375
0.0030625
0.0035
0.0039375
0.0038125
0.0041875
0.004
0.004
0.0035625
0.0039375
0.0035625
0.0038125
0.0034375
0.0036875
0.004
0.0040625
0.004
0.003625
0.0041875
0.0029375
0.003625
0.0031875
0.002875
0.002625
0.0025
0.0026875
0.003625
0.004
0.00425
0.0045
0.004
0.00425
0.00375
0.0039375
0.0036875
0.003625
0.0036875
0.0035625
0.004
0.00375
0.003875
0.003875
0.00375
0.0025
0.00325
0.0030625
0.0029375
0.0026875
0.0026875
0.003375
0.003625
0.004125
0.0041875
0.0041875
0.0036875
0.0038125
0.003875
0.005
0.00425
0.004
0.00425
0.0043125
0.0041875
0.004125
0.003625
0.0040625
0.0036875
0.0028125
0.003625
0.003
0.0028125
0.003
0.002375
0.003
0.0036875
0.0039375
0.0035
0.0040625
0.0039375
0.004
0.00375
0.00375
0.00375
0.0035
0.00375
0.003875
0.003875
0.004
0.0043125
0.0036875
0.0039375
0.0028125
0.003375
0.0035
0.0031875
0.0031875
0.003
0.0033125
0.0036875
0.004
0.0045
0.0043125
0.004125
0.004
0.004
0.003875
0.0034375
0.0035
0.0035625
0.0038125
0.004125
0.00425
0.0039375
0.0038125
0.0036875
0.0025
0.0031875
0.0030625
0.00325
0.00325
0.00275
0.00325
0.0034375
0.004
0.004
0.0043125
0.0040625
0.004125
0.003875
0.0038125
0.0036875
0.003625
0.0035625
0.0038125
0.0041875
0.0044375
0.004
0.0035625
0.00375
0.0026875
0.004
0.003375
0.003
0.002875
0.0028125
0.0031875
0.003625
0.003875
0.004625
0.0043125
0.0041875
0.004
0.004125
0.004
0.004
0.0035
0.00375
0.004
0.00425
0.0045
0.0041875
0.0038125
0.00375
0.0029375
0.0035625
0.0034375
0.0030625
0.003125
0.0028125
0.00325
0.00375
0.00375
0.0043125
0.0045
0.0044375
0.00425
0.003625
0.0038125
0.0035625
0.00375
0.003375
0.0038125
0.0040625
0.0039375
0.004
0.004
0.0043125
0.002875
0.0038125
0.0033125
0.003
0.0031875
0.0028125
0.002875
0.0038125
0.003875
0.0041875
0.00425
0.0041875
0.0040625
0.0043125
0.0041875
0.00375
0.003875
0.0038125
0.0041875
0.004375
0.00425
0.0040625
0.0041875
0.004
0.00275
0.0035
0.0035
0.00325
0.0033125
0.0028125
0.003375
0.00375
0.004375
0.004125
0.00425
0.004125
0.0038125
0.0038125
0.0036875
0.0035625
0.003625
0.0038125
0.004
0.0040625
0.004125
0.004
0.003875
0.003625
0.0026875
0.003875
0.0034375
0.0031875
0.002875
0.0029375
0.00325
0.00375
0.004
0.0036875
0.003875
0.0036875
0.004125
0.003875
0.0039375
0.0035
0.0035
0.0035
0.0040625
0.0043125
0.0041875
0.004125
0.004125
0.003875
0.0028125
0.0036875
0.003375
0.0031875
0.00325
0.002875
0.0033125
0.0035625
0.004125
0.004625
0.00425
0.004
0.0043125
0.0039375
0.00375
0.003625
0.003625
0.0036875
0.0038125
0.0041875
0.0041875
0.0041875
0.0039375
0.0036875
0.0028125
0.0033125
0.003625
0.003
0.003
0.003
0.0031875
0.0035
0.0043125
0.0046875
0.004625
0.004
0.0040625
0.0038125
0.003875
0.0039375
0.004
0.0035625
0.003625
0.003875
0.0043125
0.004125
0.0038125
0.0036875
0.0028125
0.004125
0.003375
0.003
0.0029375
0.0028125
0.0031875
0.0035
0.003875
0.0045
0.0041875
0.004125
0.0043125
0.0038125
0.0036875
0.0036875
0.0033125
0.0035
0.0035625
0.0039375
0.0041875
0.0038125
0.0038125
0.0036875
0.0025625
0.0035
0.0030625
0.003
0.00325
0.002875
0.0033125
0.003875
0.0035
0.0041875
0.00425
0.004
0.00375
0.0039375
0.0036875
0.003625
0.0035
0.00325
0.00375
0.00375
0.0035
0.0038125
0.0034375
0.0036875
0.0026875
0.0033125
0.0030625
0.003
0.0029375
0.0025625
0.003
0.00275
0.003375
0.004
0.0041875
0.0039375
0.003875
0.003875
0.004
0.0038125
0.003125
0.0033125
0.0036875
0.0036875
0.003625
0.00375
0.0034375
0.0033125
0.00225
0.003
0.003
0.0028125
0.002875
0.0026875
0.003125
0.0031875
0.0038125
0.0040625
0.004
0.0044375
0.0035625
0.0039375
0.0038125
0.0035
0.003375
0.0035
0.0035
0.003875
0.00425
0.0036875
0.0035625
0.003625
0.0025
0.003875
0.00325
0.0031875
0.0030625
0.00325
0.0030625
0.0036875
0.0038125
0.004125
0.004
0.004
0.0038125
0.003875
0.0038125
0.0035
0.003375
0.0031875
0.0035
0.0039375
0.004
0.0035625
0.0038125
0.0034375
0.00225
0.00325
0.003
0.003
0.003
0.003
0.0031875
0.0035
0.0038125
0.0041875
0.0050625
0.0049375
0.005
0.0050625
0.0044375
0.0045
0.0046875
0.004875
0.005125
0.005625
0.005375
0.0048125
0.0048125
0.0046875
0.0035
0.004125
0.004375
0.00375
0.0041875
0.004
0.0045
0.005
0.0055
0.0055
0.004875
0.0053125
0.0051875
0.005125
0.0050625
0.00525
0.00475
0.005
0.0049375
0.0055
0.0055625
0.0049375
0.0048125
0.0046875
0.0035625
0.0053125
0.0044375
0.0036875
0.0035
0.003875
0.0044375
0.005
0.0055
0.00575
0.00525
0.006
0.0055
0.0060625
0.0059375
0.0055625
0.006125
0.0068125
0.0070625
0.0056875
0.005
0.0048125
0.005625
0.0050625
0.004
0.004875
0.0043125
0.004
0.0036875
0.0041875
0.004625
0.005
0.0055
0.0063125
0.0056875
0.0060625
0.0065
0.0065
0.006
0.00625
0.0065
0.0061875
0.0056875
0.005375
0.0059375
0.0055625
0.0053125
0.005
0.0036875
0.0045625
0.004
0.00375
0.0041875
0.0035
0.0041875
0.005375
0.0055
0.0044375
0.0048125
0.006375
0.0078125
0.0075
0.0070625
0.00675
0.0066875
0.0083125
0.00775
0.006125
0.005125
0.0051875
0.0055
0.005
0.0040625
0.00525
0.0046875
0.0045625
0.00425
0.00425
0.0049375
0.005
0.0055
0.006
0.0060625
0.006
0.00625
0.00675
0.0064375
0.0061875
0.005375
0.0044375
0.0040625
0.00425
0.0041875
0.003875
0.003625
0.0035625
0.002625
0.003875
0.0031875
0.0029375
0.003
0.0028125
0.0030625
0.0035
0.0034375
0.0035
0.003375
0.0038125
0.0035625
0.0035
0.0035
0.0034375
0.0038125
0.003
0.0035625
0.003625
0.0038125
0.0036875
0.0035
0.0035625
0.00225
0.003
0.003
0.003
0.003
0.0028125
0.0029375
0.0035625
0.003625
0.0038125
0.00375
0.0035
0.0039375
0.0035625
0.0035
0.0035
0.0035
0.00325
0.0036875
0.0036875
0.004
0.003875
0.00375
0.0036875
0.0025
0.0031875
0.0029375
0.00275
0.00275
0.0026875
0.0030625
0.003125
0.003625
0.0035625
0.004
0.0038125
0.0038125
0.0035
0.003375
0.003625
0.0035
0.0035
0.0035625
0.0039375
0.0043125
0.00375
0.00425
0.003375
0.0025
0.0038125
0.0030625
0.0029375
0.00275
0.002625
0.002875
0.0034375
0.0036875
0.003875
0.004125
0.004
0.004125
0.0036875
0.0035
0.0035625
0.0034375
0.0033125
0.0035
0.00375
0.004125
0.004125
0.0035
0.0035
0.0025
0.0034375
0.003
0.0028125
0.002875
0.002625
0.003
0.00325
0.0035
0.004
0.0039375
0.0038125
0.0035625
0.003625
0.0035625
0.0035
0.00325
0.0031875
0.003375
0.0039375
0.00375
0.0039375
0.0035
0.0038125
0.00275
0.0034375
0.002875
0.0026875
0.0028125
0.0024375
0.0026875
0.0030625
0.0035
0.0039375
0.003875
0.004125
0.004
0.0036875
0.0033125
0.0033125
0.00325
0.0034375
0.0035625
0.0039375
0.0040625
0.0039375
0.003375
0.003625
0.002375
0.003125
0.0030625
0.0026875
0.00275
0.0026875
0.0028125
0.00325
0.00375
0.00375
0.001
0.00390625
0.00390625
0.00371875
0.00340625
0.00340625
0.00353
0.0035
0.003625
0.00375
0.0039375
0.0035625
0.0034375
0.0035625
0.00275
0.0035
0.0031875
0.0028125
0.0026875
0.0025625
0.003
0.0035
0.0034375
0.0036875
0.003625
0.0036875
0.0038125
0.00375
0.0035
0.0035
0.0038125
0.0033125
0.003625
0.0040625
0.0036875
0.0039375
0.004
0.0035
0.0025
0.0031875
0.003
0.0028125
0.00275
0.00275
0.0031875
0.0035
0.0036875
0.003875
0.0039375
0.0041875
0.0038125
0.0038125
0.0035625
0.0031875
0.0034375
0.0033125
0.0036875
0.003875
0.0041875
0.0039375
0.0036875
0.0035
0.002375
0.00325
0.0026875
0.0033125
0.0025
0.0021875
0.002
0.004
0.0033125
0.0036875
0.003
0.005
0.0028125
0.0041875
0.0038125
0.003375
0.003375
0.0034375
0.003
0.005
0.0025625
0.00525
0.003
0.0036875
0.0025
0.004125
0.00325
0.0029375
0.0028125
0.0026875
0.003
0.0035625
0.0035
0.004
0.004
0.0038125
0.0039375
0.00375
0.00375
0.00375
0.0035
0.0033125
0.0038125
0.004125
0.004
0.003875
0.003625
0.0035625
0.002625
0.0035
0.0031875
0.0030625
0.0029375
0.0026875
0.002875
0.00325
0.0035
0.0036875
0.0038125
0.003875
0.003625
0.004
0.0036875
0.0035
0.0036875
0.0035
0.003625
0.004
0.004
0.004
0.0035
0.003875
0.002625
0.00325
0.00325
0.00275
0.0029375
0.0025625
0.002625
0.0035
0.003625
0.00375
0.00375
0.004
0.0035625
0.0036875
0.00375
0.0035625
0.0035
0.003625
0.0035625
0.00425
0.0036875
0.004
0.0035625
0.0035
0.002625
0.00325
0.0029375
0.002875
0.0028125
0.0028125
0.0030625
0.0039375
0.003875
0.0071875
0.0014375
0.0035625
0.003625
0.003875
0.0035
0.00325
0.00325
0.0035
0.0035
0.0039375
0.0040625
0.00425
0.0036875
0.0035625
0.0029375
0.0035
0.0031875
0.002875
0.0028125
0.002875
0.003125
0.003625
0.0036875
0.0035
0.0035
0.0036875
0.003875
0.00375
0.0036875
0.0035625
0.0035
0.0035
0.003625
0.004125
0.00425
0.00375
0.00375
0.00375
0.0026875
0.0031875
0.002875
0.0028125
0.0028125
0.002875
0.0029375
0.0035625
0.0038125
0.004375
0.004125
0.004375
0.0039375
0.0015
0.0036875
0.0038125
0.0035
0.0035
0.0035625
0.004
0.00425
0.0040625
0.0039375
0.0036875
0.0025625
0.00375
0.003
0.00275
0.00325
0.0031875
0.0030625
0.0035
0.004
0.0034375
0.005
0.0041875
0.004125
0.003375
0.004
0.0035
0.003625
0.00325
0.003625
0.004
0.004375
0.0039375
0.0035625
0.00375
0.0025
0.0035625
0.003125
0.002875
0.00225
0.00325
0.003
0.0034375
0.0035
0.0030625
0.0049375
0.004
0.0025
0.0055
0.004
0.0035
0.0035625
0.00325
0.0041875
0.0040625
0.003
0.0044375
0.0048125
0.003375
0.002625
0.0025625
0.0039375
0.0028125
0.002875
0.002375
0.0035
0.00375
0.0035
0.0036875
0.0045
0.0043125
0.00425
0.00425
0.0035625
0.0036875
0.0039375
0.0028125
0.0045
0.0041875
0.0045
0.004
0.0040625
0.0034375
0.0025625
0.0035
0.003
0.00275
0.0026875
0.0023125
0.00275
0.0034375
0.0035625
0.0049375
0.0036875
0.004125
0.0041875
0.004
0.0031875
0.0045
0.0033125
0.0035625
0.0034375
0.0043125
0.0045
0.003875
0.003875
0.003625
0.002375
0.0034375
0.0035
0.0025
0.0023125
0.003
0.0026875
0.0033125
0.0036875
0.004
0.0035625
0.0025
0.0048125
0.003625
0.0025625
0.0034375
0.0038125
0.0030625
0.0024375
0.00475
0.003625
0.004125
0.0035
0.0031875
0.003
0.0036875
0.0025625
0.00325
0.0020625
0.0028125
0.0026875
0.003125
0.003
0.003375
0.0031875
0.0034375
0.0045
0.0038125
0.0031875
0.0036875
0.003375
0.00325
0.00325
0.003625
0.0043125
0.0036875
0.0033125
0.0030625
0.0035
0.003
0.003
0.0029375
0.00225
0.003
0.003
0.0034375
0.0035625
0.0039375
0.003875
0.004
0.004
0.0036875
0.00375
0.0035625
0.0034375
0.0036875
0.0038125
0.003
0.005
0.00325
0.00425
0.0035625
0.0021875
0.0030625
0.003125
0.003125
0.00275
0.0028125
0.0031875
0.00275
0.004
0.0036875
0.003875
0.0039375
0.00375
0.003625
0.002875
0.004
0.003625
0.0036875
0.003625
0.004
0.0038125
0.0045
0.0035625
0.003625
0.0025
0.0036875
0.00325
0.00275
0.00275
0.0026875
0.002875
0.0033125
0.003625
0.00375
0.004
0.00425
0.004
0.0036875
0.0038125
0.0036875
0.0035625
0.0035
0.0039375
0.004
0.0041875
0.0038125
0.0035625
0.003625
0.002625
0.003625
0.0025625
0.0031875
0.0028125
0.002625
0.0030625
0.0034375
0.0033125
0.0036875
0.0035
0.0040625
0.00375
0.0035
0.0035625
0.003625
0.0030625
0.0038125
0.0034375
0.0035
0.0041875
0.0036875
0.003625
0.0026875
0.0038125
0.00325
0.00225
0.003125
0.0025
0.002125
0.0025625
0.0031875
0.0034375
0.0036875
0.0036875
0.0039375
0.00325
0.0035
0.0029375
0.004
0.0031875
0.0033125
0.0035625
0.00325
0.0045625
0.0038125
0.003125
0.00375
0.0025
0.0031875
0.0028125
0.0026875
0.0025625
0.0025
0.0024375
0.0031875
0.0025
0.003625
0.003875
0.0038125
0.0038125
0.0036875
0.0035
0.0033125
0.0031875
0.0030625
0.0033125
0.0039375
0.003875
0.003625
0.0031875
0.0036875
0.0025
0.003625
0.0023125
0.00325
0.00225
0.003
0.00275
0.00325
0.00325
0.0029375
0.0035625
0.0035
0.004
0.00375
0.00325
0.0034375
0.0028125
0.0035625
0.0029375
0.0041875
0.0033125
0.0035
0.00425
0.0039375
0.0025
0.0030625
0.0029375
0.003
0.0026875
0.0028125
0.002875
0.0033125
0.0035
0.0036875
0.0038125
0.0036875
0.0033125
0.0035625
0.0034375
0.0035
0.0033125
0.0035625
0.0034375
0.0036875
0.0040625
0.003625
0.0033125
0.0035
0.0023125
0.00275
0.0030625
0.0029375
0.0025625
0.002
0.003125
0.0035
0.0031875
0.0038125
0.0038125
0.0035
0.00375
0.002125
0.004625
0.00375
0.0035
0.0034375
0.0035625
0.0035
0.00475
0.0035
0.0035625
0.002625
0.0023125
0.0035
0.003375
0.0026875
0.00275
0.00225
0.0033125
0.0035
0.0035
0.0035
0.004125
0.002875
0.0049375
0.0035625
0.003625
0.0035625
0.00375
0.003375
0.003375
0.003625
0.004125
0.0036875
0.002875
0.004
0.0023125
0.0035
0.0020625
0.00375
0.00275
0.00275
0.0026875
0.0035625
0.0038125
0.0036875
0.0038125
0.003625
0.0030625
0.0043125
0.003625
0.0033125
0.0025625
0.003625
0.0040625
0.0038125
0.004125
0.0035625
0.0034375
0.003875
0.0024375
0.0030625
0.0029375
0.00225
0.003125
0.002125
0.0025625
0.0031875
0.0025
0.00275
0.003
0.002875
0.0058125
0.0040625
0.004
0.0038125
0.0035
0.0034375
0.0036875
0.0040625
0.0043125
0.0036875
0.00425
0.004
0.002375
0.0033125
0.003125
0.0025625
0.00275
0.002875
0.0031875
0.0026875
0.00475
0.003
0.0050625
0.0031875
0.00475
0.004
0.0035
0.0030625
0.0039375
0.003375
0.003625
0.0041875
0.0040625
0.004
0.0028125
0.004125
0.0025
0.0030625
0.0035
0.003
0.00275
0.00275
0.003
0.0038125
0.0034375
0.0036875
0.0040625
0.004
0.0038125
0.003125
0.003875
0.002625
0.004
0.0031875
0.0035
0.003875
0.0038125
0.0036875
0.00325
0.0031875
0.003
0.002875
0.0025
0.003
0.0026875
0.0025
0.0029375
0.0035625
0.0035
0.004125
0.004375
0.0043125
0.0039375
0.0035
0.0041875
0.0033125
0.003375
0.0033125
0.0035625
0.00425
0.00425
0.0039375
0.0035
0.0035625
0.0015
0.00325
0.003
0.002
0.003
0.003
0.003125
0.003875
0.004
0.00375
0.00475
0.0044375
0.004
0.0040625
0.0034375
0.004
0.0035625
0.00375
0.004
0.0040625
0.0045
0.0039375
0.003
0.0036875
0.003
0.004
0.0031875
0.002375
0.0031875
0.0024375
0.0030625
0.0034375
0.0036875
0.004125
0.0036875
0.0040625
0.00375
0.00375
0.003625
0.0036875
0.003
0.004125
0.0038125
0.0041875
0.0043125
0.003375
0.004625
0.0036875
0.002375
0.0031875
0.003
0.0025625
0.00225
0.0031875
0.002875
0.0034375
0.0035
0.00375
0.0039375
0.0036875
0.003875
0.003
0.00425
0.003375
0.0035
0.003125
0.003875
0.003875
0.00375
0.0041875
0.0026875
0.0048125
0.0028125
0.00325
0.00275
0.00275
0.003
0.00275
0.0031875
0.0036875
0.0038125
0.0041875
0.004
0.0043125
0.0035625
0.00375
0.00375
0.0035
0.00325
0.00325
0.00375
0.004
0.004
0.00375
0.003625
0.0033125
0.0025625
0.003
0.0026875
0.002
0.0033125
0.0026875
0.0026875
0.003625
0.003375
0.003375
0.0045
0.0039375
0.0035625
0.0039375
0.0035
0.003375
0.003625
0.003375
0.004125
0.0031875
0.0053125
0.0035625
0.0039375
0.0035625
0.00275
0.004125
0.0030625
0.003
0.0029375
0.0025625
0.0029375
0.0040625
0.0034375
0.0033125
0.00325
0.00375
0.0030625
0.0046875
0.0035
0.00375
0.0035
0.003
0.00425
0.004625
0.0043125
0.003875
0.004125
0.0035625
0.0025
0.0038125
0.0025
0.0033125
0.00275
0.002125
0.0035
0.0033125
0.003
0.003875
0.0044375
0.003875
0.0041875
0.003625
0.0035
0.003
0.0035625
0.00325
0.0035625
0.0044375
0.00475
0.0039375
0.0035625
0.00375
0.0025
0.0036875
0.003
0.0028125
0.0025625
0.002125
0.0033125
0.0031875
0.0038125
0.0031875
0.0035625
0.0044375
0.003875
0.0036875
0.003625
0.003625
0.00325
0.0033125
0.0034375
0.00425
0.0044375
0.0043125
0.00375
0.0034375
0.002875
0.004
0.0033125
0.002875
0.003
0.002625
0.00275
0.0035
0.0035
0.0035
0.004
0.004625
0.0033125
0.0036875
0.004625
0.003375
0.004
0.003625
0.0035625
0.0039375
0.00425
0.004125
0.003625
0.0035625
0.002125
0.0031875
0.003
0.003
0.0030625
0.003
0.003
0.0033125
0.003625
0.004
0.0035625
0.00425
0.00375
0.00325
0.0041875
0.003875
0.0026875
0.004125
0.003875
0.0035
0.0048125
0.003625
0.0026875
0.004375
0.00275
0.0033125
0.0030625
0.0031875
0.003
0.0024375
0.0028125
0.0035
0.0040625
0.004125
0.004
0.0041875
0.004
0.0036875
0.003125
0.0035
0.0031875
0.0035
0.003625
0.00425
0.0035
0.00475
0.00425
0.0039375
0.0020625
0.0034375
0.0030625
0.0029375
0.002875
0.0028125
0.0033125
0.0036875
0.003
0.005
0.0038125
0.004375
0.003875
0.0044375
0.0038125
0.0035625
0.003625
0.0035
0.0036875
0.003875
0.0045
0.0044375
0.0035625
0.0038125
0.002
0.0033125
0.0026875
0.0035625
0.003125
0.002125
0.00375
0.0038125
0.0036875
0.003625
0.0038125
0.004
0.0040625
0.00425
0.00325
0.0035
0.0039375
0.0031875
0.0033125
0.0043125
0.0041875
0.0030625
0.00425
0.0036875
0.0028125
0.00375
0.003
0.003
0.00275
0.00275
0.002875
0.0035
0.003625
0.0040625
0.0036875
0.0035
0.0039375
0.004
0.0028125
0.00425
0.00325
0.0036875
0.0033125
0.0045625
0.004125
0.0035
0.003875
0.0035
0.0025
0.0033125
0.00275
0.002625
0.002125
0.0025
0.004
0.0026875
0.0033125
0.0036875
0.0035
0.0028125
0.0035
0.00425
0.003625
0.003625
0.0025
0.003875
0.0036875
0.0041875
0.0044375
0.0031875
0.0036875
0.0038125
0.0028125
0.0039375
0.0030625
0.0025
0.0024375
0.0023125
0.002875
0.003375
0.0034375
0.0035
0.0045
0.0038125
0.00325
0.004125
0.0038125
0.0035625
0.0035
0.003
0.003625
0.0038125
0.0045625
0.004
0.0035
0.0034375
0.0025625
0.0035625
0.0025
0.003
0.00275
0.0025
0.003
0.003
0.0036875
0.0038125
0.00375
0.00375
0.0036875
0.0033125
0.004
0.0035625
0.003125
0.0035
0.0035
0.004
0.0040625
0.004
0.0028125
0.004625
0.002375
0.002875
0.0026875
0.0029375
0.0023125
0.002
0.00275
0.00325
0.0025
0.0046875
0.003875
0.0039375
0.00375
0.0029375
0.0036875
0.002375
0.00375
0.0035
0.003875
0.004
0.004125
0.0035
0.00375
0.003625
0.0023125
0.002875
0.00275
0.0026875
0.0025625
0.0024375
0.003
0.0030625
0.003625
0.003875
0.0038125
0.0038125
0.0033125
0.0040625
0.00275
0.003875
0.0035
0.0033125
0.0035625
0.0039375
0.0033125
0.00475
0.002625
0.0045
0.002625
0.003125
0.00325
0.0025
0.003
0.0019375
0.0035625
0.003
0.0038125
0.0033125
0.0038125
0.0038125
0.0035625
0.0036875
0.0034375
0.0011875
0.0021875
0.0044375
0.004
0.0045
0.004375
0.003875
0.00375
0.0035625
0.002625
0.0031875
0.003
0.0028125
0.0025625
0.002625
0.003
0.0031875
0.0036875
0.0035
0.007
0.0076875
0.0039375
0.0028125
0.0025625
0.004125
0.0053125
0.0055
0.0055
0.0055
0.0055
0.0046875
0.0045625
0.004625
0.0028125
0.0033125
0.003125
0.00275
0.00275
0.0026875
0.0030625
0.0033125
0.003625
0.0026875
0.0021875
0.0021875
0.0045
0.0045
0.00425
0.0021875
0.0041875
0.0038125
0.0035625
0.00425
0.0045
0.004
0.0035
0.00325
0.0025
0.003875
0.0028125
0.0025625
0.00275
0.00225
0.0028125
0.003125
0.0030625
0.00375
0.004
0.0035625
0.003625
0.003375
0.003625
0.0033125
0.0031875
0.0031875
0.0033125
0.004
0.003875
0.003625
0.0033125
0.0036875
0.0021875
0.0030625
0.0029375
0.0026875
0.0028125
0.00225
0.0029375
0.003
0.0025
0.003375
0.0038125
0.0038125
0.003375
0.0031875
0.0033125
0.003625
0.0035625
0.0034375
0.0035
0.0036875
0.003875
0.0038125
0.003625
0.0035625
0.0025
0.0033125
0.00275
0.002625
0.002375
0.00225
0.0020625
0.0024375
0.00275
0.0034375
0.0035
0.0035
0.0035625
0.0033125
0.0026875
0.00275
0.003
0.0035
0.0036875
0.0040625
0.00375
0.0036875
0.003375
0.0035
0.002125
0.003
0.002375
0.002625
0.0025
0.002375
0.0028125
0.0028125
0.0030625
0.003625
0.0035625
0.00375
0.00325
0.0034375
0.0033125
0.00325
0.00325
0.00325
0.003125
0.003625
0.00375
0.003625
0.003375
0.0034375
0.0023125
0.0031875
0.00275
0.0025625
0.0026875
0.0024375
0.0025625
0.003
0.003
0.0034375
0.003
0.0035
0.0035
0.0031875
0.003125
0.0031875
0.003
0.0031875
0.003625
0.0036875
0.0038125
0.003375
0.0035
0.0033125
0.002375
0.0028125
0.0025625
0.0025
0.0025
0.0024375
0.0025625
0.003
0.003
0.0035
0.0035
0.0035
0.0035
0.003625
0.003125
0.0031875
0.0030625
0.003125
0.003625
0.00375
0.00425
0.003375
0.0031875
0.0031875
0.0024375
0.003
0.00275
0.0025
0.0025
0.00225
0.00275
0.002875
0.0033125
0.0033125
0.0035
0.0035
0.0035
0.00325
0.0034375
0.0030625
0.00325
0.0031875
0.0033125
0.0035
0.00375
0.0034375
0.0033125
0.00325
0.00225
0.0035
0.0029375
0.0025
0.0025
0.0021875
0.002625
0.00275
0.003125
0.003375
0.0035
0.003625
0.0035
0.003125
0.003375
0.003
0.0033125
0.0030625
0.0034375
0.003875
0.0036875
0.0035
0.0034375
0.0030625
0.0024375
0.0029375
0.0028125
0.0025625
0.0025
0.0024375
0.00275
0.0028125
0.0031875
0.0033125
0.0034375
0.0035625
0.0035
0.0031875
0.0033125
0.0031875
0.0033125
0.0031875
0.0034375
0.003375
0.0036875
0.0035
0.0035
0.003625
0.002625
0.0034375
0.002875
0.0029375
0.0026875
0.002
0.0025
0.0030625
0.0034375
0.0038125
0.00375
0.0023125
0.0055
0.0035
0.0033125
0.003375
0.0034375
0.0035625
0.0039375
0.0038125
0.00375
0.00375
0.0036875
0.003375
0.0024375
0.0033125
0.002875
0.003125
0.0030625
0.0028125
0.003
0.0033125
0.003375
0.0039375
0.0041875
0.003875
0.0043125
0.004
0.003875
0.0035
0.0035
0.0035
0.00375
0.00375
0.0039375
0.003875
0.0036875
0.00375
0.003
0.00375
0.0035
0.003
0.003
0.0029375
0.0030625
0.0034375
0.0035
0.0036875
0.0036875
0.004
0.003625
0.0038125
0.0036875
0.003375
0.0036875
0.0034375
0.0035
0.0040625
0.0039375
0.0038125
0.0036875
0.0035
0.0025
0.004
0.0030625
0.0029375
0.0025625
0.0024375
0.00275
0.0034375
0.0036875
0.004625
0.0045
0.0041875
0.004
0.0035
0.0036875
0.0035
0.003375
0.0033125
0.0036875
0.004
0.00375
0.0035
0.0036875
0.003375
0.002625
0.0031875
0.0030625
0.0028125
0.0026875
0.00275
0.0030625
0.0034375
0.00375
0.00375
0.0036875
0.004
0.0038125
0.003875
0.0036875
0.0034375
0.0035
0.00325
0.0038125
0.0039375
0.004
0.00375
0.00375
0.0035
0.0025
0.00375
0.0030625
0.0029375
0.0025625
0.002625
0.0026875
0.003625
0.00375
0.003625
0.004
0.003875
0.00375
0.0035625
0.0035
0.0033125
0.0033125
0.0030625
0.0035
0.0039375
0.003875
0.0036875
0.0035
0.0034375
0.002375
0.00325
0.002875
0.002875
0.00275
0.0026875
0.0028125
0.0030625
0.0035
0.0039375
0.00375
0.004125
0.0036875
0.0035
0.0035
0.0031875
0.0034375
0.0031875
0.0035
0.0036875
0.0036875
0.0039375
0.0035
0.0035
0.0026875
0.0034375
0.0028125
0.0025625
0.0026875
0.0024375
0.0025625
0.00325
0.003375
0.0038125
0.0036875
0.0038125
0.0038125
0.0035625
0.0033125
0.003125
0.00325
0.0034375
0.0035625
0.004
0.003625
0.003625
0.0035
0.0035
0.002375
0.002875
0.0029375
0.0025625
0.0026875
0.002625
0.002875
0.003
0.0035
0.00375
0.0036875
0.0038125
0.0036875
0.003875
0.0036875
0.0035
0.0034375
0.0030625
0.003625
0.003875
0.00375
0.00375
0.0035
0.003625
0.002625
0.0035
0.003
0.003125
0.002875
0.0029375
0.003
0.0033125
0.0036875
0.0036875
0.003875
0.0038125
0.0039375
0.0035
0.0035625
0.0038125
0.003375
0.0034375
0.0035625
0.0039375
0.0036875
0.003875
0.00375
0.003375
0.002375
0.002875
0.002875
0.0028125
0.0026875
0.002625
0.003125
0.00325
0.0039375
0.0040625
0.0039375
0.0038125
0.0035625
0.0035
0.0035
0.0033125
0.0031875
0.003125
0.0035
0.0038125
0.00375
0.00375
0.0036875
0.0035
0.002375
0.00325
0.0026875
0.0030625
0.00275
0.00275
0.0029375
0.003
0.0038125
0.0040625
0.0039375
0.003875
0.003875
0.0035
0.0035
0.0035
0.00325
0.0031875
0.0035
0.0038125
0.004
0.00375
0.00375
0.00325
0.0025
0.004
0.003
0.0026875
0.0025625
0.002625
0.002875
0.00325
0.00375
0.004
0.00375
0.004
0.00325
0.0035
0.003625
0.003375
0.00325
0.0031875
0.0035625
0.004
0.004
0.00375
0.003375
0.0035
0.002375
0.003125
0.002875
0.0029375
0.0026875
0.0025
0.0030625
0.00325
0.0035
0.00375
0.004125
0.003875
0.004
0.00375
0.0035625
0.0035
0.003125
0.003
0.0033125
0.0040625
0.003625
0.0035625
0.00325
0.0036875
0.0025625
0.0033125
0.00275
0.0029375
0.0026875
0.0021875
0.0028125
0.0033125
0.0035625
0.004
0.0038125
0.0036875
0.00375
0.0036875
0.0035
0.0030625
0.0034375
0.0033125
0.0036875
0.003875
0.0036875
0.0035
0.0035
0.0034375
0.0023125
0.003
0.0025625
0.00275
0.0026875
0.0025625
0.00275
0.003
0.0036875
0.004375
0.0036875
0.0039375
0.0038125
0.00375
0.0034375
0.0033125
0.00325
0.0035
0.00375
0.0040625
0.0039375
0.0036875
0.0035
0.0033125
0.0025625
0.003375
0.0029375
0.0026875
0.0025625
0.00275
0.00275
0.0034375
0.0035625
0.0034375
0.003375
0.0036875
0.00375
0.0035
0.0035
0.003
0.0031875
0.002875
0.003625
0.004
0.003875
0.003625
0.0035625
0.0034375
0.0023125
0.003125
0.002875
0.0029375
0.0028125
0.0025625
0.003125
0.0033125
0.0036875
0.004
0.004
0.0035
0.0035
0.0035
0.0035
0.0043125
0.00375
0.004
0.004625
0.004875
0.0049375
0.0050625
0.005
0.0045
0.00275
0.0030625
0.003
0.0029375
0.0028125
0.00275
0.003125
0.0033125
0.0035625
0.004
0.00375
0.0036875
0.004
0.0035
0.0033125
0.003
0.0031875
0.0033125
0.0036875
0.0038125
0.00375
0.0035
0.0035
0.0035
0.0023125
0.004
0.00325
0.00275
0.003
0.0025
0.0029375
0.0035
0.0035625
0.0043125
0.004
0.0039375
0.0036875
0.0038125
0.00375
0.0039375
0.0035
0.0035
0.0038125
0.004
0.004
0.0036875
0.0035
0.0035625
0.00275
0.0034375
0.0031875
0.002875
0.0029375
0.0025625
0.00325
0.0031875
0.0038125
0.0040625
0.0038125
0.003875
0.0035
0.0039375
0.0038125
0.00325
0.0034375
0.0030625
0.00375
0.003875
0.003875
0.003625
0.0038125
0.0040625
0.0025
0.0033125
0.0026875
0.0026875
0.002875
0.002625
0.002875
0.0034375
0.0036875
0.0041875
0.0039375
0.0036875
0.003875
0.003625
0.003375
0.0034375
0.00325
0.0034375
0.0036875
0.0041875
0.004
0.003625
0.0038125
0.004
0.00275
0.0035625
0.00325
0.003
0.00275
0.0029375
0.0030625
0.00375
0.0035625
0.0041875
0.004
0.004
0.0039375
0.0038125
0.00325
0.0034375
0.003
0.0031875
0.0035
0.004
0.003875
0.00375
0.0035625
0.003625
0.0025625
0.00375
0.003
0.002875
0.003
0.002875
0.003
0.0034375
0.0035625
0.00375
0.0035
0.00375
0.0038125
0.0034375
0.00325
0.0034375
0.0030625
0.00325
0.00325
0.0039375
0.0038125
0.0035625
0.0036875
0.00375
0.00225
0.00325
0.003
0.0029375
0.0026875
0.0028125
0.0031875
0.003625
0.003875
0.004375
0.004125
0.004
0.0038125
0.0038125
0.00375
0.0034375
0.0033125
0.00325
0.003625
0.004
0.004125
0.004
0.0036875
0.0035625
0.0025
0.0034375
0.0030625
0.0029375
0.0028125
0.0026875
0.0030625
0.0034375
0.003875
0.0044375
0.00425
0.0039375
0.0040625
0.0039375
0.0038125
0.0036875
0.0038125
0.00375
0.0038125
0.0041875
0.004125
0.003875
0.004
0.00375
0.0025
0.004
0.0031875
0.003125
0.0028125
0.0025625
0.0031875
0.00375
0.00375
0.0043125
0.0041875
0.00425
0.004
0.00375
0.0038125
0.0036875
0.003625
0.003375
0.00375
0.0040625
0.0039375
0.0040625
0.003625
0.0035
0.0028125
0.0034375
0.003375
0.003
0.0029375
0.00275
0.0035
0.00375
0.0041875
0.0043125
0.0045
0.0040625
0.0039375
0.00375
0.0039375
0.003375
0.0034375
0.003375
0.0038125
0.004
0.003875
0.0036875
0.00375
0.00425
0.0028125
0.003625
0.0030625
0.0034375
0.003
0.0023125
0.003
0.003875
0.0048125
0.003875
0.003625
0.0048125
0.00375
0.004
0.0044375
0.0041875
0.003375
0.0035
0.0039375
0.0040625
0.00425
0.0041875
0.004
0.0035625
0.0029375
0.0034375
0.0031875
0.0030625
0.0029375
0.003
0.0031875
0.003875
0.00425
0.00475
0.0044375
0.0040625
0.00425
0.0036875
0.003875
0.0036875
0.0035
0.0035
0.004
0.0039375
0.0040625
0.0039375
0.004
0.004
0.0026875
0.0035625
0.0031875
0.003
0.003125
0.002875
0.003125
0.0035
0.003625
0.00375
0.0043125
0.0039375
0.004
0.00375
0.0035
0.00375
0.0031875
0.0031875
0.003625
0.00375
0.0038125
0.0036875
0.0038125
0.0036875
0.0025
0.0033125
0.0030625
0.003125
0.003
0.0030625
0.003
0.0034375
0.0038125
0.0046875
0.0045
0.0045
0.0038125
0.00375
0.003625
0.003625
0.0035
0.003375
0.003625
0.0040625
0.0039375
0.00375
0.004
0.00375
0.00275
0.0030625
0.003
0.003
0.00325
0.0026875
0.0035
0.0035625
0.0033125
0.004625
0.0045625
0.00425
0.003875
0.0038125
0.003375
0.0035
0.0033125
0.003375
0.0034375
0.0038125
0.00375
0.0035
0.0038125
0.0036875
0.0024375
0.00675
0.00625
0.0054375
0.0050625
0.00375
0.0045
0.0056875
0.0068125
0.00575
0.00575
0.00575
0.00625
0.00525
0.0054375
0.0055625
0.0058125
0.006125
0.0060625
0.00675
0.007
0.00675
0.0064375
0.006
0.0050625
0.0031875
0.0033125
0.003
0.00275
0.0025
0.0029375
0.0031875
0.0038125
0.0041875
0.0043125
0.0043125
0.003875
0.003625
0.0035
0.00325
0.0034375
0.003375
0.003625
0.0036875
0.003375
0.00375
0.0035625
0.0041875
0.0029375
0.0036875
0.0033125
0.003
0.002875
0.0021875
0.0024375
0.003375
0.003875
0.0045
0.0044375
0.0040625
0.0039375
0.0035625
0.00375
0.0035
0.0031875
0.0036875
0.0036875
0.0039375
0.0036875
0.0038125
0.0036875
0.0033125
0.0025
0.0031875
0.003
0.0028125
0.0026875
0.003
0.003
0.003625
0.0035625
0.0044375
0.00425
0.004
0.0038125
0.0038125
0.003625
0.0041875
0.0035625
0.003125
0.003625
0.00375
0.0035
0.00275
0.00175
0.0025
0.002125
0.0026875
0.002625
0.0035
0.00325
0.00325
0.0035
0.0036875
0.0035
0.0035625
0.0038125
0.0035
0.003625
0.0035
0.005
0.0065625
0.00325
0.0035
0.0036875
0.0040625
0.0039375
0.003875
0.0039375
0.003375
0.0025
0.003
0.003
0.003
0.0028125
0.00275
0.003125
0.0031875
0.003
0.004
0.004125
0.004
0.003875
0.0038125
0.0038125
0.0035
0.0033125
0.00325
0.00375
0.0036875
0.003875
0.0036875
0.0039375
0.0038125
0.0026875
0.003375
0.0033125
0.0029375
0.00275
0.0029375
0.0031875
0.003375
0.004
0.0044375
0.004
0.0040625
0.00375
0.00375
0.00375
0.0035625
0.0034375
0.00325
0.0038125
0.0036875
0.00375
0.00375
0.0038125
0.0036875
0.0025
0.0041875
0.0033125
0.0029375
0.0025625
0.002625
0.003
0.0033125
0.0041875
0.0043125
0.00425
0.0043125
0.004125
0.0040625
0.0035
0.0035
0.0035
0.0034375
0.0035625
0.0039375
0.0038125
0.003875
0.0038125
0.0035
0.002875
0.003375
0.0034375
0.0030625
0.0029375
0.0025625
0.00325
0.003375
0.003875
0.0043125
0.0045
0.004125
0.0041875
0.0038125
0.0036875
0.003625
0.0035
0.0035625
0.003625
0.0035
0.0036875
0.003625
0.004
0.00425
0.0028125
0.0033125
0.00325
0.0029375
0.003
0.0023125
0.00275
0.0035
0.0039375
0.0045
0.0043125
0.0041875
0.0038125
0.00375
0.0035
0.003625
0.003625
0.0031875
0.0035625
0.00375
0.00375
0.0039375
0.0035625
0.0035
0.00275
0.0035
0.0029375
0.002875
0.0026875
0.0028125
0.003125
0.0035625
0.004
0.0044375
0.0045
0.004375
0.004125
0.0038125
0.0035
0.00375
0.0035
0.0034375
0.0035
0.0036875
0.003875
0.00375
0.003875
0.003875
0.003
0.00375
0.00325
0.0029375
0.002875
0.003
0.0034375
0.0036875
0.0035625
0.004
0.004
0.0043125
0.0038125
0.0038125
0.0035625
0.0039375
0.0038125
0.0036875
0.0035625
0.0039375
0.0036875
0.003875
0.00375
0.0036875
0.0025
0.00325
0.0029375
0.003
0.003
0.0028125
0.0030625
0.0034375
0.004
0.0045625
0.004625
0.0045
0.0038125
0.00375
0.0034375
0.0035
0.0033125
0.0035
0.00325
0.00375
0.003875
0.0038125
0.0038125
0.0055625
0.004
0.0039375
0.002875
0.0026875
0.0028125
0.0026875
0.0033125
0.0031875
0.00375
0.0040625
0.004125
0.0043125
0.0041875
0.0036875
0.003625
0.0035
0.003375
0.0038125
0.0035
0.004
0.0036875
0.004125
0.004
0.003875
0.0028125
0.00425
0.003125
0.002875
0.0029375
0.0028125
0.003
0.0036875
0.0038125
0.0045
0.0041875
0.0045625
0.00425
0.0036875
0.0038125
0.0036875
0.0035625
0.003625
0.003625
0.003875
0.004125
0.004
0.004
0.0036875
0.0028125
0.00325
0.003
0.003
0.0028125
0.003
0.003625
0.0035
0.004
0.0040625
0.0044375
0.0043125
0.004
0.0040625
0.0039375
0.00375
0.0035
0.0038125
0.003625
0.004
0.004
0.0040625
0.0038125
0.0039375
0.002875
0.0035
0.0033125
0.003
0.0031875
0.0025
0.003
0.0035
0.0039375
0.0045
0.0053125
0.0046875
0.0045625
0.0044375
0.0040625
0.004125
0.003875
0.0043125
0.0039375
0.0045
0.0041875
0.0043125
0.004
0.0036875
0.0025625
0.0034375
0.0030625
0.003
0.00325
0.00275
0.00325
0.003875
0.0045
0.0048125
0.0050625
0.0049375
0.0045
0.004
0.0045625
0.00425
0.0040625
0.0039375
0.0040625
0.0041875
0.004
0.0043125
0.0039375
0.00375
0.0029375
0.0035625
0.0033125
0.0031875
0.0029375
0.002875
0.0035
0.0039375
0.004
0.004375
0.0048125
0.005
0.0045
0.0043125
0.0045
0.00475
0.0045
0.0043125
0.0041875
0.00475
0.0045
0.0045625
0.0041875
0.00375
0.0026875
0.0035
0.00325
0.0030625
0.0031875
0.0029375
0.0035
0.0040625
0.004625
0.0048125
0.0045625
0.0053125
0.0051875
0.00525
0.0046875
0.0045
0.004375
0.004625
0.0045
0.0045625
0.005
0.0053125
0.005125
0.0045
0.003
0.0036875
0.0033125
0.0035
0.0030625
0.0031875
0.00375
0.00425
0.00525
0.0055
0.00575
0.0054375
0.0050625
0.0054375
0.0051875
0.005
0.0048125
0.005
0.0051875
0.005375
0.0054375
0.0053125
0.005
0.0041875
0.0030625
0.004375
0.0034375
0.0031875
0.003
0.002875
0.0035
0.004625
0.0053125
0.006
0.0056875
0.0055625
0.0055
0.0054375
0.0048125
0.00475
0.00425
0.0045
0.0046875
0.0050625
0.0054375
0.0050625
0.0049375
0.0043125
0.00275
0.0036875
0.0033125
0.003375
0.003125
0.002875
0.0036875
0.0045
0.005
0.006125
0.0058125
0.005375
0.0053125
0.0048125
0.0045625
0.00425
0.00425
0.0044375
0.0040625
0.005
0.005
0.00475
0.005
0.00475
0.00325
0.0035625
0.003625
0.0035
0.0033125
0.0028125
0.00325
0.0053125
0.006
0.0061875
0.00575
0.00525
0.0054375
0.005
0.004875
0.0045
0.0044375
0.0045
0.0046875
0.0050625
0.005625
0.0053125
0.0051875
0.0041875
0.0029375
0.0038125
0.0035
0.003375
0.0031875
0.00325
0.0035625
0.005125
0.0056875
0.0061875
0.0056875
0.0055
0.0059375
0.0055
0.0055
0.0053125
0.005
0.005
0.0051875
0.0055625
0.00575
0.00575
0.0054375
0.0048125
0.0035
0.0043125
0.00375
0.0034375
0.0030625
0.0033125
0.004125
0.0053125
0.005875
0.006125
0.0056875
0.0053125
0.0055
0.00525
0.005
0.0045
0.0045
0.0048125
0.0049375
0.0051875
0.0050625
0.00525
0.005
0.0046875
0.0030625
0.0038125
0.003625
0.0035
0.0031875
0.0031875
0.0036875
0.004625
0.003625
0.0040625
0.0041875
0.0049375
0.0050625
0.004625
0.004375
0.0043125
0.0045
0.0074375
0.0081875
0.0078125
0.00625
0.0053125
0.005
0.005125
0.0030625
0.0036875
0.0033125
0.0030625
0.003125
0.0033125
0.003875
0.0039375
0.0056875
0.0058125
0.00575
0.006
0.006
0.0055
0.0049375
0.0045625
0.0043125
0.0044375
0.0045
0.0050625
0.005
0.0051875
0.00525
0.0045
0.0031875
0.0045
0.003625
0.003125
0.00275
0.0029375
0.0035
0.0050625
0.0059375
0.0055625
0.0058125
0.005625
0.0055
0.0050625
0.0053125
0.0045
0.004625
0.0045625
0.0049375
0.0056875
0.005375
0.005625
0.0051875
0.0046875
0.00325
0.00375
0.00375
0.007
0.0031875
0.0033125
0.0041875
0.005375
0.0056875
0.0063125
0.0056875
0.006
0.00625
0.0060625
0.006125
0.0058125
0.0050625
0.0054375
0.0055625
0.006
0.006125
0.0058125
0.005375
0.005125
0.003375
0.0041875
0.0035625
0.0034375
0.003375
0.0033125
0.0043125
0.0055625
0.0068125
0.0068125
0.006125
0.0061875
0.0063125
0.00625
0.006
0.0055
0.005625
0.005875
0.0063125
0.0064375
0.0066875
0.0060625
0.0058125
0.0061875
0.0045
0.007
0.007125
0.006875
0.0069375
0.0058125
0.00675
0.0095
0.011125
0.0113125
0.0115625
0.012
0.014
0.01375
0.01275
0.01175
0.010875
0.012375
0.01325
0.0126875
0.012
0.0110625
0.0095
0.0079375
0.0050625
0.00625
0.0059375
0.0053125
0.004
0.00375
0.0049375
0.0060625
0.007
0.00625
0.0061875
0.0058125
0.0060625
0.0058125
0.005875
0.00575
0.00575
0.0063125
0.0065
0.0079375
0.0070625
0.0069375
0.0065625
0.0059375
0.0045
0.005875
0.0058125
0.0056875
0.0038125
0.0036875
0.004625
0.0060625
0.0063125
0.006375
0.006
0.006
0.0065
0.00775
0.0076875
0.0068125
0.0065
0.00725
0.008125
0.008375
0.0079375
0.0075625
0.0074375
0.0065
0.004875
0.0063125
0.0065
0.00625
0.005625
0.004375
0.0054375
0.008375
0.0099375
0.00875
0.0089375
0.0085
0.009
0.0083125
0.0075
0.006875
0.0066875
0.0078125
0.008625
0.0081875
0.0060625
0.0064375
0.0073125
0.007875
0.005125
0.00675
0.0065625
0.006125
0.0046875
0.004375
0.0059375
0.0098125
0.0111875
0.0103125
0.0085
0.0076875
0.0065625
0.00675
0.0065
0.0061875
0.0061875
0.0063125
0.0065
0.007
0.0090625
0.0085
0.0078125
0.007625
0.0058125
0.0076875
0.0074375
0.00575
0.0053125
0.004625
0.0058125
0.00675
0.0073125
0.007
0.0069375
0.00675
0.0069375
0.0065625
0.00675
0.0065
0.0065
0.006875
0.0083125
0.0088125
0.00875
0.0073125
0.0074375
0.00775
0.0058125
0.0071875
0.007
0.0061875
0.005875
0.005125
0.0063125
0.0095
0.011
0.0093125
0.0086875
0.0078125
0.009
0.008
0.0071875
0.0065
0.006875
0.0079375
0.0085
0.0091875
0.0090625
0.008125
0.007
0.0061875
0.004
0.0048125
0.0043125
0.0041875
0.0040625
0.0044375
0.005875
0.0101875
0.0118125
0.010125
0.008375
0.0076875
0.0085
0.00625
0.0061875
0.0066875
0.006875
0.0083125
0.0084375
0.009
0.00925
0.00875
0.0071875
0.006
0.0053125
0.006875
0.0061875
0.0064375
0.0045625
0.0046875
0.0059375
0.010375
0.009125
0.0078125
0.006875
0.005875
0.009
0.0084375
0.0073125
0.007
0.006875
0.0085
0.009125
0.009875
0.009625
0.00875
0.0079375
0.0075625
0.005625
0.0073125
0.0075
0.0068125
0.0055625
0.005125
0.006375
0.008125
0.009375
0.0099375
0.00925
0.0093125
0.01
0.009125
0.0088125
0.0086875
0.0080625
0.0095
0.0095
0.01025
0.01
0.0095
0.00825
0.0073125
0.0055
0.007
0.0066875
0.007375
0.0069375
0.0050625
0.006
0.007625
0.0095625
0.010625
0.009375
0.00875
0.0095
0.00825
0.00875
0.00825
0.00825
0.008875
0.0091875
0.0096875
0.0098125
0.0094375
0.00825
0.0074375
0.0050625
0.0078125
0.008125
0.0071875
0.0065625
0.0044375
0.0055
0.006875
0.008125
0.0081875
0.008625
0.00825
0.00925
0.00875
0.008
0.0075
0.007125
0.008875
0.0095
0.00975
0.0101875
0.0095625
0.0083125
0.0078125
0.005625
0.0075
0.0074375
0.0075
0.006
0.0045625
0.0059375
0.0068125
0.0075
0.0076875
0.008
0.0088125
0.01
0.0095
0.0091875
0.0080625
0.008125
0.0093125
0.009375
0.0096875
0.00975
0.009375
0.0083125
0.0073125
0.0055
0.0075
0.007625
0.0071875
0.0063125
0.0050625
0.0069375
0.00875
0.00925
0.0101875
0.0105625
0.009
0.01
0.00925
0.00875
0.0079375
0.0078125
0.0086875
0.0093125
0.0096875
0.0093125
0.0085
0.0075625
0.008625
0.0060625
0.00775
0.00575
0.0045625
0.0044375
0.0046875
0.0063125
0.00875
0.0089375
0.0088125
0.00925
0.00825
0.0090625
0.008625
0.0085
0.0078125
0.008
0.00925
0.00925
0.009
0.0086875
0.008
0.0070625
0.0054375
0.003875
0.0069375
0.006875
0.0066875
0.0069375
0.0051875
0.005125
0.00725
0.0079375
0.006
0.0065
0.0085625
0.0093125
0.008
0.0073125
0.006625
0.0066875
0.007375
0.0084375
0.0081875
0.0081875
0.007875
0.00675
0.00625
0.0049375
0.00675
0.0073125
0.006125
0.004
0.0041875
0.0058125
0.0073125
0.0076875
0.0085625
0.0079375
0.007875
0.009125
0.0085625
0.00875
0.0075
0.00725
0.0089375
0.0095625
0.0094375
0.0091875
0.008875
0.0075
0.006625
0.0048125
0.0063125
0.0065
0.0065625
0.00575
0.0050625
0.0064375
0.008875
0.010125
0.0086875
0.0076875
0.007125
0.008875
0.0085
0.0078125
0.0073125
0.0055
0.00875
0.0099375
0.0090625
0.0089375
0.0088125
0.0071875
0.006875
0.005
0.0068125
0.0065625
0.0065
0.0058125
0.004
0.0053125
0.007875
0.008
0.008
0.007
0.007
0.0088125
0.008125
0.0078125
0.006875
0.006875
0.00825
0.00875
0.009
0.009
0.00925
0.0076875
0.0068125
0.005375
0.007
0.0063125
0.00625
0.0045
0.0039375
0.0050625
0.0078125
0.008125
0.0075625
0.0069375
0.0065625
0.0078125
0.0071875
0.0068125
0.0065
0.0064375
0.0086875
0.009
0.0095
0.009
0.009
0.0075
0.006875
0.005
0.007
0.0068125
0.0069375
0.0070625
0.0051875
0.00625
0.0095625
0.0099375
0.0096875
0.0091875
0.008875
0.0099375
0.0093125
0.009
0.00825
0.0085
0.0099375
0.0095625
0.0099375
0.0090625
0.009125
0.007625
0.0071875
0.0055625
0.0073125
0.0066875
0.0060625
0.004625
0.004875
0.0064375
0.008875
0.0094375
0.0095625
0.0084375
0.007875
0.0098125
0.0095625
0.009
0.0085
0.0088125
0.009625
0.0101875
0.009875
0.01
0.0095
0.00825
0.0071875
0.0058125
0.0073125
0.0070625
0.0065
0.0055
0.00525
0.005875
0.008375
0.009
0.0084375
0.008
0.0068125
0.00875
0.008
0.0079375
0.0073125
0.0076875
0.0088125
0.0091875
0.0090625
0.0094375
0.0088125
0.0075
0.0070625
0.0051875
0.006375
0.0063125
0.0063125
0.0056875
0.0051875
0.00625
0.00825
0.0088125
0.0081875
0.0095
0.0089375
0.0095625
0.0085
0.0085
0.008
0.00825
0.0091875
0.0101875
0.010125
0.0095
0.0090625
0.008
0.006625
0.0048125
0.007
0.0066875
0.0064375
0.0060625
0.0058125
0.0059375
0.0111875
0.0133125
0.01275
0.0103125
0.008125
0.009375
0.008625
0.0085625
0.0085
0.0085
0.009625
0.010625
0.0111875
0.0105625
0.0099375
0.0080625
0.0055
0.00375
0.004875
0.0044375
0.00425
0.004
0.00425
0.00525
0.0075
0.0074375
0.0085625
0.008625
0.0081875
0.0091875
0.0093125
0.009
0.008
0.008625
0.0095625
0.0099375
0.0105
0.0105625
0.00975
0.00825
0.00825
0.00575
0.0073125
0.0070625
0.0063125
0.006
0.0051875
0.0061875
0.0075
0.0084375
0.0093125
0.009
0.0085
0.0096875
0.0086875
0.008625
0.00725
0.007125
0.0093125
0.0095
0.0100625
0.0105
0.010125
0.0081875
0.0081875
0.005625
0.0078125
0.0081875
0.0079375
0.0075
0.005875
0.007125
0.0096875
0.011625
0.0126875
0.011
0.0103125
0.0115
0.0115
0.010875
0.0103125
0.01
0.0111875
0.011125
0.011
0.011
0.01025
0.0089375
0.0075625
0.0055
0.0073125
0.00725
0.007125
0.006375
0.0054375
0.006375
0.009125
0.011
0.0110625
0.01025
0.0095
0.011375
0.010125
0.00975
0.0094375
0.0093125
0.0105625
0.0111875
0.011125
0.011125
0.01025
0.0089375
0.007375
0.0053125
0.0070625
0.0073125
0.007125
0.0068125
0.0060625
0.006625
0.0091875
0.0103125
0.0113125
0.0115
0.0105
0.0116875
0.0108125
0.0101875
0.0091875
0.0093125
0.010875
0.011125
0.0113125
0.011375
0.0103125
0.009
0.0073125
0.0055
0.008125
0.007625
0.0070625
0.0064375
0.0055
0.0066875
0.0098125
0.0100625
0.0096875
0.00925
0.009
0.00975
0.011125
0.011875
0.011125
0.010625
0.01125
0.012
0.0125
0.0125
0.0119375
0.0105625
0.00975
0.0065625
0.0070625
0.00675
0.007
0.00725
0.008
0.00825
0.00925
0.00925
0.0110625
0.0116875
0.01125
0.013375
0.0136875
0.0125
0.011125
0.010375
0.0114375
0.0121875
0.0115625
0.0115
0.0108125
0.0095
0.0081875
0.006
0.0080625
0.0075
0.0065
0.006
0.0044375
0.0055
0.007
0.008
0.0075
0.0085
0.0088125
0.0106875
0.0111875
0.010625
0.00925
0.00925
0.0101875
0.010375
0.010625
0.0106875
0.0103125
0.0086875
0.0076875
0.0059375
0.007875
0.0079375
0.0070625
0.00525
0.00525
0.0065
0.0079375
0.008375
0.0091875
0.0089375
0.0083125
0.0106875
0.010375
0.0098125
0.0083125
0.0085
0.0100625
0.0105
0.0113125
0.0119375
0.011
0.0101875
0.0083125
0.00575
0.00825
0.0085
0.008
0.008
0.007
0.00825
0.0115
0.0135
0.014
0.01175
0.0105
0.01375
0.0145
0.0139375
0.0125625
0.0114375
0.0125625
0.01375
0.0135625
0.0131875
0.0123125
0.0109375
0.00875
0.0064375
0.008875
0.009
0.0084375
0.007
0.006375
0.0084375
0.0125625
0.0136875
0.01325
0.0105625
0.0116875
0.0139375
0.0148125
0.0136875
0.0120625
0.01125
0.0125
0.0130625
0.013125
0.013
0.0120625
0.01075
0.0086875
0.006375
0.00875
0.0085
0.0085
0.00875
0.007125
0.008625
0.01275
0.01425
0.0126875
0.0098125
0.01075
0.0129375
0.0135625
0.0124375
0.011
0.0105
0.012375
0.0133125
0.0136875
0.0134375
0.0126875
0.0110625
0.0098125
0.0073125
0.0085
0.007375
0.0071875
0.0073125
0.007
0.0085
0.0136875
0.0135
0.0139375
0.011875
0.0119375
0.01425
0.0125
0.0114375
0.010875
0.0111875
0.0129375
0.014
0.0140625
0.014
0.0129375
0.0115625
0.00975
0.006375
0.0085
0.0081875
0.0088125
0.0085625
0.007
0.008
0.0124375
0.013875
0.0136875
0.0119375
0.0111875
0.0133125
0.014875
0.014
0.0124375
0.0115
0.01325
0.0139375
0.0138125
0.014
0.013
0.01125
0.0104375
0.0065625
0.0091875
0.0085625
0.0075
0.00575
0.0056875
0.0070625
0.01075
0.012
0.0125
0.01075
0.0099375
0.0123125
0.012375
0.0113125
0.0103125
0.0101875
0.0115
0.0120625
0.0124375
0.0121875
0.011625
0.01
0.008
0.00575
0.008
0.0074375
0.0070625
0.00675
0.00725
0.007
0.01025
0.0115
0.0115625
0.010125
0.0081875
0.0078125
0.0093125
0.0095
0.0086875
0.008875
0.0096875
0.01075
0.011
0.01075
0.0108125
0.0096875
0.0089375
0.006
0.0075625
0.00725
0.0071875
0.0073125
0.0086875
0.0081875
0.010875
0.01125
0.012
0.0115
0.011
0.0126875
0.012375
0.0113125
0.0103125
0.0100625
0.0115
0.01225
0.01175
0.012
0.0109375
0.0095625
0.0088125
0.0064375
0.007375
0.0073125
0.0070625
0.00725
0.00775
0.0088125
0.012125
0.0135625
0.0135
0.0118125
0.010625
0.012
0.011
0.0100625
0.0099375
0.009875
0.0111875
0.0124375
0.012
0.0118125
0.011
0.009875
0.0083125
0.006
0.0075
0.007
0.0069375
0.0068125
0.0071875
0.0071875
0.0105
0.0096875
0.0104375
0.0106875
0.0103125
0.0125
0.0121875
0.011375
0.0104375
0.01025
0.0113125
0.0109375
0.0106875
0.010875
0.0103125
0.0091875
0.008
0.0056875
0.0079375
0.0075625
0.00725
0.00625
0.0059375
0.007
0.0098125
0.011
0.012
0.0105625
0.0099375
0.0116875
0.0103125
0.00975
0.00925
0.0096875
0.0113125
0.0131875
0.011
0.0113125
0.01075
0.0099375
0.007875
0.0056875
0.0078125
0.0076875
0.0070625
0.0059375
0.0058125
0.0070625
0.0095
0.0101875
0.01275
0.0115
0.01025
0.012
0.011
0.010125
0.0093125
0.009
0.0105
0.0113125
0.0111875
0.0108125
0.0105
0.0091875
0.007875
0.0056875
0.008
0.0075
0.0075
0.0075
0.006
0.00675
0.0081875
0.0106875
0.011625
0.00975
0.0094375
0.0115
0.0110625
0.0105
0.0099375
0.0098125
0.0115
0.0115
0.0115625
0.0115
0.0109375
0.00975
0.00825
0.006
0.007875
0.0079375
0.008
0.0075625
0.0058125
0.0066875
0.009
0.0099375
0.010375
0.009125
0.0081875
0.010875
0.0103125
0.0091875
0.008125
0.008875
0.0103125
0.0111875
0.01125
0.01125
0.0109375
0.0095625
0.0085
0.0063125
0.0080625
0.008
0.0079375
0.0080625
0.0078125
0.008125
0.011
0.0113125
0.01175
0.0119375
0.0105
0.0116875
0.011125
0.0101875
0.009375
0.0096875
0.0108125
0.0115
0.011125
0.0111875
0.010625
0.009375
0.008875
0.006
0.00775
0.0081875
0.0073125
0.00625
0.006125
0.007375
0.0124375
0.0115
0.0093125
0.0111875
0.0105625
0.0114375
0.010875
0.0101875
0.0095
0.0094375
0.0105625
0.0114375
0.0116875
0.0113125
0.0108125
0.0101875
0.009
0.007
0.0081875
0.007875
0.008125
0.005875
0.005625
0.0068125
0.0105
0.01025
0.0109375
0.0121875
0.0111875
0.0126875
0.0124375
0.0115625
0.010625
0.0105
0.011625
0.0126875
0.0121875
0.011625
0.0110625
0.0101875
0.0085
0.0065
0.009125
0.008375
0.0078125
0.0055625
0.0059375
0.007375
0.0113125
0.0118125
0.0120625
0.01075
0.0116875
0.0131875
0.012875
0.01225
0.01075
0.0103125
0.011625
0.0125625
0.012
0.0119375
0.0115
0.01
0.0083125
0.0065
0.0088125
0.0081875
0.0085
0.0068125
0.0061875
0.007375
0.0096875
0.01
0.01375
0.0105625
0.0103125
0.0111875
0.0104375
0.00975
0.0094375
0.0090625
0.01025
0.01075
0.011
0.011
0.0105
0.009625
0.008
0.0055
0.0075
0.0065625
0.00625
0.00525
0.005
0.0064375
0.0108125
0.0121875
0.0120625
0.01025
0.0085625
0.0094375
0.0085
0.007875
0.006875
0.00725
0.008875
0.010375
0.011
0.0109375
0.0105625
0.009625
0.0083125
0.0056875
0.008
0.0073125
0.006875
0.0059375
0.005
0.005875
0.011125
0.011875
0.011125
0.009375
0.0078125
0.0085625
0.0083125
0.0079375
0.0075625
0.007125
0.008375
0.009125
0.0095
0.0103125
0.01025
0.009625
0.0088125
0.0061875
0.00775
0.0075
0.0071875
0.007
0.0058125
0.0065625
0.0121875
0.01275
0.01275
0.01175
0.01
0.011
0.010375
0.009625
0.0085
0.00825
0.0093125
0.0104375
0.0105625
0.0105
0.0104375
0.01
0.009
0.0060625
0.0080625
0.007625
0.007125
0.006
0.00525
0.0065
0.0124375
0.0126875
0.012625
0.0115625
0.0103125
0.011125
0.0115
0.011
0.0096875
0.0088125
0.00925
0.0104375
0.011
0.0105625
0.01075
0.01025
0.00925
0.006375
0.007625
0.0076875
0.008
0.0080625
0.0074375
0.008
0.0108125
0.0111875
0.0113125
0.012
0.01175
0.01275
0.0120625
0.0114375
0.0105
0.0096875
0.0105625
0.011625
0.0123125
0.0120625
0.011625
0.0105
0.0095
0.0061875
0.007625
0.007375
0.007375
0.007
0.00625
0.0071875
0.0103125
0.0105625
0.0101875
0.0105
0.0105
0.0118125
0.0119375
0.0115625
0.0106875
0.01
0.01075
0.01125
0.012
0.01175
0.01125
0.0105
0.0099375
0.0063125
0.007625
0.0070625
0.007
0.0074375
0.007
0.0078125
0.0121875
0.0125
0.013
0.0118125
0.01025
0.01175
0.0121875
0.0110625
0.0094375
0.0096875
0.0101875
0.010125
0.0098125
0.0101875
0.0095625
0.0105
0.00975
0.00675
0.00875
0.0079375
0.0073125
0.0071875
0.0061875
0.006875
0.0104375
0.0110625
0.0105
0.01025
0.0095
0.01025
0.010625
0.010375
0.0095
0.009125
0.009875
0.011
0.012
0.012
0.0118125
0.0111875
0.01025
0.0066875
0.007875
0.007625
0.0075625
0.007625
0.0061875
0.0073125
0.0101875
0.010875
0.0114375
0.010875
0.0105
0.012125
0.012375
0.0119375
0.0105
0.00975
0.0109375
0.0115
0.0125
0.0125625
0.0125
0.01125
0.0101875
