25.7054
24.4664
25.3204
25.2284
25.8452
24.7020
26.3670
26.2987
24.9493
26.5265
26.8756
26.5005
26.4072
26.7067
26.7153
27.3481
27.2792
27.2789
26.7207
26.8295
28.1053
28.4500
27.8622
27.9001
28.1742
27.9033
27.5499
28.1113
27.8027
28.3141
28.1647
28.4682
29.1158
27.8993
27.2871
27.0579
26.8641
26.0423
25.8656
26.2354
26.5041
26.9150
26.4935
27.1230
26.5519
26.4202
27.0203
26.4393
26.8852
25.7304
26.9011
26.7399
26.2541
25.5217
26.4284
26.5868
26.5563
25.6497
25.5275
23.1463
18.3956
17.3341
18.4025
20.7388
24.2775
25.0705
25.9755
26.7102
25.4980
26.8035
26.5905
26.7332
26.5118
26.6127
26.1358
25.8046
26.0569
25.6875
27.2210
26.9259
26.6097
26.6717
27.0454
28.2475
29.3259
30.1548
29.6244
27.5919
27.9432
26.6159
27.3603
28.1232
27.7408
28.2106
27.9156
26.4918
26.6144
27.7599
27.5308
28.0030
25.8853
26.0013
28.2634
29.8496
28.9015
28.6494
28.9976
28.4396
29.0444
29.8527
29.5813
29.3540
26.8240
25.8810
24.8215
27.3251
27.9094
26.2974
27.7946
27.0869
26.4816
25.9576
26.9632
27.7682
27.2607
27.0429
27.0804
27.8007
28.3098
27.8975
25.1247
25.7867
26.9357
28.4108
28.7428
28.5518
28.3003
28.8056
28.1606
27.0674
28.0985
27.6422
28.4717
28.1089
28.1597
28.4122
28.1568
28.0196
27.1698
27.0527
28.6117
28.9609
28.8576
28.7576
28.6770
28.7909
28.5312
28.4283
27.3732
26.7652
27.5668
26.0620
27.4305
26.7471
27.5085
27.7741
28.0783
27.3103
27.3689
27.2571
27.6778
28.0078
28.2174
28.2318
27.9204
27.7332
28.0454
29.3376
29.6167
30.2565
29.7005
29.4989
29.6030
29.5543
29.8314
29.8575
29.5233
29.7024
29.1517
27.7674
27.1157
28.4804
28.6778
28.0044
27.4645
27.9398
27.1601
27.8397
26.3802
21.4241
26.0030
27.5488
26.7395
26.3333
26.1392
27.1053
26.9616
24.6544
26.4567
28.2265
26.1453
29.2332
28.8399
27.7791
27.0083
27.5485
28.2907
28.7490
27.1365
27.7240
27.4495
27.0986
28.0987
27.5687
25.6934
27.3175
26.9332
29.0438
28.3698
25.0142
27.6704
28.4897
26.5635
25.9046
25.3461
27.1874
28.4195
27.2511
28.0229
27.9701
27.2369
26.1718
26.4915
24.5639
24.8606
26.3739
23.7542
26.1917
25.0376
26.1309
29.1533
28.2004
28.2747
26.8617
27.7916
27.0237
26.1054
29.0549
28.5389
27.8340
30.3226
29.5232
27.7876
29.4889
28.9730
26.8766
27.9376
29.3724
29.2913
30.1196
28.7071
28.7842
28.9677
27.7904
27.4185
27.4525
28.1553
28.4029
27.9105
28.2235
26.8874
27.5280
28.8073
28.5863
27.1201
27.0118
26.8920
28.2309
28.5178
27.3764
28.4697
28.5583
28.5027
29.9745
28.3805
26.9670
26.8095
24.3871
26.6988
29.6288
28.1444
16.5711
15.2177
28.8452
30.1681
30.1283
30.1755
29.9011
29.5221
28.8838
28.4265
28.7263
27.6689
28.2091
29.2029
30.1534
29.1762
28.2771
27.6519
27.3315
26.5688
26.7015
27.7531
28.6734
27.9390
27.7125
27.8544
26.7952
26.7812
25.6122
26.6702
25.1987
26.5842
25.6460
26.5819
27.3310
28.7940
29.2300
29.3845
28.7031
28.4565
27.8060
27.6898
27.3566
26.4347
27.3873
25.9676
24.5383
23.6111
22.9875
25.3472
26.3344
28.6874
28.9781
28.3004
28.5342
29.0328
27.8293
26.6297
25.9122
24.4845
26.7034
25.1185
25.7296
27.9603
26.1834
27.9434
28.7151
28.3921
28.5440
28.3310
29.2378
29.8074
30.4501
30.1002
29.4276
27.8016
27.4085
24.5962
26.8506
27.8677
27.6645
27.6240
29.2555
28.3718
28.8483
28.1839
28.2120
27.9242
28.3306
28.2028
30.1092
29.5596
29.4209
29.6314
29.6159
29.2171
30.3756
29.5340
29.2566
28.3859
28.6309
28.4227
28.4485
28.2739
28.3191
27.0026
28.5840
28.2270
27.8032
27.3359
26.4094
26.5586
26.1576
25.6407
24.0541
27.2073
27.1805
26.4145
28.3735
27.7885
29.0311
27.2154
27.4848
26.5117
28.7178
29.5656
29.2729
27.6375
28.0194
27.4953
28.5191
27.4435
28.5595
27.5021
27.7133
26.4407
27.9323
28.1755
25.5908
26.1096
27.3968
27.4237
27.1248
28.6388
28.4910
28.8391
28.9283
28.7041
28.7388
28.5362
29.0637
29.7864
28.4818
28.9766
28.7732
28.2815
29.3612
28.5275
28.8316
29.2194
29.2581
28.8739
28.9164
27.0779
25.0911
28.6570
29.6464
29.3166
28.8509
26.8257
26.1298
28.1851
26.7583
27.3182
26.7948
26.8675
27.2596
24.0716
11.7416
8.9790
6.1984
1.3827
0.2014
0.0954
0.0000
0.0000
0.0000
0.0000
0.0000
0.0000
0.0000
0.0000
0.0314
0.1142
0.1274
3.3724
13.4562
22.2922
27.5656
27.9979
27.3141
27.1134
27.0655
28.5296
28.6793
28.4652
26.8093
26.1838
24.2176
25.3581
26.1546
27.6068
27.1276
26.9383
26.1492
27.7438
28.0901
28.1574
28.1160
27.8722
27.5401
28.0005
27.8257
27.6372
27.6177
27.7525
27.9362
28.0966
28.2198
29.0068
29.0538
28.4958
28.4524
28.2743
28.3417
27.6950
27.9369
26.6947
28.5359
30.1501
28.7687
28.8808
27.7316
28.8185
29.1640
28.8250
29.1144
28.7332
28.2574
28.6283
28.4692
28.6726
27.8517
27.9351
28.3070
28.3949
28.0715
27.9714
28.1241
27.9874
27.1199
28.0444
28.0826
29.1460
29.3884
28.6803
28.1913
27.2931
28.4133
28.7480
26.7198
27.4179
27.6782
27.2307
27.1909
27.7736
27.6144
26.9167
27.4602
27.3211
28.0476
28.1355
29.0309
28.0743
29.8266
29.3322
29.8523
29.5739
27.6780
26.8908
29.0398
29.7584
29.5667
28.4753
29.2766
28.1606
26.3978
27.9004
28.2293
28.6642
28.0564
28.4095
27.9798
27.7390
27.5699
27.7112
28.2657
27.3513
26.6152
26.7935
27.7091
27.7112
27.4741
27.0831
27.5419
27.5024
27.2414
26.3694
29.2069
28.5019
27.4015
25.4230
26.6160
28.0584
29.1838
28.8603
28.3830
28.1929
27.9714
28.1325
28.3769
27.6791
25.7840
28.2231
28.5044
28.9253
29.5742
30.2155
29.0092
28.8406
29.3741
28.6868
28.6554
27.9475
28.4036
28.5171
29.0421
29.2463
28.7709
28.3221
27.8295
27.0202
27.9384
28.3858
29.6167
29.3190
28.6048
28.6742
29.2657
28.9226
28.3105
28.9245
28.7305
28.4511
28.6281
28.8194
29.0508
28.7938
28.9881
29.7599
30.0031
29.5371
29.3501
28.7290
29.8951
29.8278
30.4342
29.8546
29.5289
29.5179
29.4149
28.9398
28.9245
28.2545
28.4204
27.8665
27.2616
28.8976
28.6205
28.4311
29.1836
29.1245
29.3009
29.7196
29.8580
28.7493
29.5151
29.4787
30.1051
29.1415
20.6490
19.2098
15.8022
15.7836
16.1808
15.8752
15.9750
15.9886
16.2072
22.1653
27.6086
29.8323
29.4433
29.4084
29.4477
29.2776
28.9350
27.9441
28.5523
27.8194
28.2646
27.1121
27.6976
27.5303
27.1428
26.1374
26.5886
26.8002
28.7054
28.4546
28.7360
27.6690
27.5639
28.2706
27.6151
27.7317
27.6964
27.6801
28.2136
26.4721
26.9834
25.6637
27.3240
26.9944
25.6646
26.3483
26.8604
26.2255
27.3154
26.2438
26.7030
28.7617
30.6182
30.5401
30.6922
26.7920
26.6014
28.0976
27.8625
29.0058
28.6443
27.5233
28.6782
29.2020
28.7709
27.6027
28.2580
27.9625
26.8565
26.2487
26.2570
26.0133
26.8652
27.1008
28.0591
28.7958
29.0494
28.0178
29.1125
28.8455
28.5559
28.3572
28.6931
29.8794
30.2834
29.7181
28.3368
28.3404
28.5592
28.9766
28.7019
28.3499
28.3827
26.6310
27.0949
27.3837
27.6026
27.2733
28.2335
28.4326
28.4252
28.4998
28.9481
27.9307
26.8955
26.5180
27.8466
30.1587
28.9850
29.3823
28.2423
28.7804
29.1342
29.4254
27.8642
28.1910
28.0173
28.8371
29.2177
28.8207
29.8537
28.8630
27.9140
28.7576
29.0813
29.2989
29.5405
29.3694
28.7887
27.6429
29.3910
29.5874
28.6880
29.1347
28.3957
28.8703
28.4417
28.6883
28.5654
28.4398
27.9707
28.1821
27.9575
27.9957
28.2999
28.1704
27.7823
29.1888
29.3198
28.6630
28.0554
28.3634
28.8679
29.0370
29.6697
28.8897
28.3810
28.4709
27.6240
27.6457
28.4111
27.2621
27.0477
26.5164
26.6081
27.7739
28.1345
27.6864
28.9172
27.9886
26.8636
26.9908
27.6184
27.1369
27.0313
27.2366
27.3518
26.8221
26.6081
26.7901
27.0872
27.7409
27.2923
29.5666
29.4219
27.7246
29.5342
29.0352
29.1096
28.3188
27.7487
27.8965
27.9230
27.6352
27.9223
26.8603
26.4983
27.1053
27.3818
28.2986
28.0898
28.0977
28.1806
28.3421
23.1182
25.0031
29.2174
28.3536
27.6457
29.2473
29.1363
29.4311
29.7659
29.3072
29.4585
27.6944
28.0625
26.9245
27.7609
25.6795
26.5325
27.8519
28.3285
29.4322
27.4881
29.2429
27.6106
27.9565
28.0453
28.1994
27.2710
26.5689
26.8564
26.7109
27.1599
27.8658
27.2175
26.6289
24.9329
24.9229
26.3783
27.7518
27.9906
27.5139
25.8359
25.2229
25.0914
26.7007
24.7996
25.6328
27.3090
27.2883
28.2549
28.4511
29.4206
29.3450
27.4298
26.5112
26.1055
24.8209
27.9197
27.8343
27.7038
27.8052
27.4250
27.1727
28.1623
25.8693
26.9997
26.5945
26.5048
27.1631
27.5110
26.5316
26.9802
27.1319
25.3320
26.4823
25.5595
25.9927
25.5227
27.2221
26.5030
27.3249
27.8368
27.6399
27.9379
27.2305
28.4666
28.1958
29.0010
28.3257
28.2452
28.4442
28.8105
28.6275
29.3971
30.2164
28.6074
28.6815
25.3253
26.6851
27.2402
27.4971
27.1136
28.8178
29.9115
27.9476
27.0493
27.0384
26.1912
26.8875
26.1353
25.7335
27.1906
27.0476
26.8334
27.3827
27.8393
26.7708
26.9737
27.7382
28.0720
28.0240
27.1509
26.8190
27.4762
28.1042
28.5478
26.9797
26.9640
26.3312
26.9814
24.6181
25.2899
24.4569
24.9114
28.6889
28.0588
26.6300
26.5223
23.8209
26.3739
27.3118
26.7258
27.3672
27.0986
26.5104
27.9702
28.8183
28.1792
27.5393
27.5821
27.1888
26.3680
26.8747
28.1043
26.1088
26.9397
27.0596
25.4543
27.1383
28.9622
27.1045
26.9267
24.5173
27.7124
28.1938
27.7655
26.7236
27.7029
27.5183
27.0633
27.6816
27.3704
27.1318
28.0708
28.0172
27.6355
25.5319
17.9492
14.1949
12.9017
14.7668
14.0569
13.6078
13.4183
12.8978
12.1842
12.2598
12.6124
13.5397
14.5771
13.2730
11.0063
11.5634
12.6956
13.3322
13.7726
10.8847
11.5020
12.3435
12.5332
12.8006
13.5644
13.0405
12.4930
12.6165
13.0272
13.0958
12.5351
12.9920
13.2032
15.9661
18.3450
21.3838
26.4765
26.7772
22.9198
22.7695
26.6373
26.4872
27.5221
26.3335
27.9114
26.1137
26.0027
26.5631
27.1601
27.9183
26.2413
26.1114
27.7044
27.5129
27.3491
27.3984
30.1850
28.1920
29.1875
30.1989
29.7915
29.3579
29.0856
27.0090
29.3480
29.1456
29.7873
28.5740
28.3075
28.4384
27.4993
26.9853
27.3478
28.2908
27.2635
26.4632
28.3293
28.7210
28.9067
27.6410
26.7721
27.8372
29.7851
30.4617
29.2621
28.9795
28.9494
30.2176
29.1054
29.9673
29.4750
27.9003
27.3080
27.5912
26.2743
25.3129
26.3597
26.9469
26.6022
27.8097
26.8293
25.8546
26.6083
28.8863
27.8378
28.5744
28.7034
28.9607
29.0313
30.1577
28.9716
30.1295
29.9508
30.6431
29.3944
27.8964
28.5803
26.9558
25.3551
25.7904
23.3590
24.4706
28.6106
27.7252
26.3330
26.6161
25.1014
23.0158
23.3723
26.4096
27.2754
27.2152
25.9019
26.1322
27.1023
27.3644
28.3132
27.8700
29.3336
29.8751
29.8634
30.3241
30.4203
27.7137
26.8676
27.1845
25.6094
24.8949
24.8737
26.0379
26.1779
26.1445
27.6995
27.8709
28.5152
28.8654
27.0922
27.5600
27.5927
25.5051
27.9618
27.8467
28.1092
28.2155
29.0981
29.4382
30.0426
28.4580
25.8698
25.6417
25.4095
24.3588
23.4387
25.8832
25.5860
26.6921
29.6801
29.5479
27.3318
28.2852
27.8026
27.8863
27.4505
28.9773
27.5459
27.1744
26.8106
26.7992
27.2713
27.5269
27.9676
27.8673
29.0607
28.7319
28.4947
29.2357
28.7310
28.7787
27.9304
28.6717
27.2730
25.6242
29.1137
29.4866
29.8925
29.2558
27.9829
28.2302
28.3791
27.3149
26.5480
25.3299
25.7568
26.4861
27.8762
29.0742
28.8456
28.9151
29.9314
29.4831
28.9884
29.4352
29.8392
29.0009
25.3091
23.4311
23.9165
27.7880
28.4474
27.8098
28.3223
28.2833
27.2016
27.2396
24.9265
27.0062
27.7033
26.3724
26.6436
27.1684
26.9113
26.4634
26.7806
27.5526
28.2115
27.5754
27.6818
28.3863
27.2352
23.7315
27.0502
26.6814
26.9695
27.1211
28.3195
27.3793
27.0822
23.2730
24.7033
26.0525
28.8869
28.6774
28.6711
27.7199
28.7116
28.3587
26.6013
28.6109
27.9394
27.7172
27.3840
27.8824
26.9555
25.4550
26.5554
24.9523
25.4384
26.5019
27.7325
28.2907
27.5265
28.8851
27.9608
25.0943
28.3270
27.2756
26.8890
27.7264
27.8421
27.3319
27.7242
27.8647
27.5042
28.3443
29.2787
29.0658
29.4979
29.6080
28.2883
27.7112
27.8909
29.1165
30.0305
27.1621
25.2123
27.7204
28.7017
28.6944
28.9647
28.0140
26.5042
27.5764
28.2725
27.5285
27.8627
26.6973
26.8626
27.5554
28.1094
27.5381
27.9261
29.4294
29.5953
25.6110
27.0113
25.9487
28.2929
29.9433
29.9416
29.3179
30.0791
29.6562
28.9244
28.5101
28.2260
27.7012
27.6111
27.3578
27.3004
27.9753
28.4892
28.4599
27.5856
27.8508
29.4543
29.2787
29.3663
30.0951
30.4767
29.4313
29.7042
28.3864
30.1098
29.6417
29.2650
29.1889
29.3058
28.5897
28.9101
28.8743
26.9039
27.5299
28.0184
27.4668
26.3293
25.7297
26.1060
27.3483
27.4679
27.1620
27.9761
28.0052
28.4694
28.3685
28.2629
28.2726
28.3712
28.5986
29.2789
29.8391
29.7281
30.4539
30.1102
27.7909
25.6289
26.1100
25.0910
26.8771
27.2460
25.2497
25.3354
26.3913
25.4088
28.2278
27.1483
28.4340
27.8073
29.6943
28.3338
26.9949
27.4266
27.8345
28.5885
28.4010
28.4697
28.0094
28.4601
28.9148
29.9374
29.3475
29.0303
28.5848
29.3993
29.5678
29.4487
29.1596
29.2174
28.6053
28.7782
27.8784
28.9847
29.4601
28.8820
27.5982
28.6738
28.8297
28.5642
28.7050
28.6813
28.9699
28.8985
29.0335
28.6482
28.1338
27.9958
28.1878
28.0041
23.3578
27.6521
29.0956
24.8845
25.8887
27.4611
27.5899
27.3620
25.9861
27.1547
27.9265
27.5990
25.7658
25.0626
18.4392
19.2790
19.5029
22.2733
23.8382
25.2480
25.3551
24.2858
26.2777
25.5525
24.7408
23.9233
22.2840
23.8354
25.8964
26.2798
27.9361
27.3416
26.7213
27.9108
28.8399
28.8939
29.4295
28.4798
26.5746
26.9534
27.2670
28.1649
28.3833
28.0993
27.6989
27.1709
27.0820
27.3395
27.8767
27.6758
27.6928
27.9081
27.3818
26.9483
25.1194
26.7169
27.6765
27.1417
29.3092
28.5053
27.7150
26.7682
27.6504
27.7062
27.6833
26.5130
25.9305
26.5714
27.2450
26.7073
27.4079
27.1603
27.1011
27.0345
27.4723
28.8701
29.6784
29.9122
29.1518
29.0932
29.7920
30.3140
29.6347
29.6671
28.2154
28.2481
27.5306
26.5969
26.9818
26.8567
27.8379
28.3384
28.6712
28.8587
28.3220
28.0738
28.2664
27.8541
27.7279
29.1023
29.6798
29.4790
29.2643
29.7456
29.3204
27.2896
24.9485
25.3124
25.0865
24.9751
26.0943
25.6435
23.6389
25.5489
26.9330
27.6670
27.8711
28.2554
28.4361
28.2290
28.6293
27.2525
27.3034
28.5099
27.2321
27.6853
28.3494
28.5682
28.7565
27.0656
28.4709
30.2035
30.4508
29.5231
29.2914
28.3661
28.7114
28.3696
25.2267
25.9026
26.6259
26.1365
26.2413
25.8910
25.8968
25.9552
26.2594
25.1716
27.1959
28.0858
29.4671
29.4513
29.3920
29.3934
29.6548
30.2347
29.8569
28.9195
28.3104
23.8206
24.3559
26.6313
26.9190
27.4661
27.2548
28.7983
28.8893
28.4688
27.5943
25.9041
27.9189
28.4410
28.6429
24.3137
25.9074
28.2747
25.9644
27.3988
27.4162
25.7957
21.3467
19.1701
19.8588
20.6182
19.2752
20.8610
24.0849
25.0222
23.9986
18.0376
20.9432
23.7990
25.2017
25.2812
22.8516
25.2876
25.3445
25.3770
26.7017
27.3222
27.3608
27.7789
26.9665
26.0272
26.5438
26.9780
26.0352
26.2579
26.9219
26.6775
27.0135
26.1910
26.2212
25.8950
24.7548
26.9821
26.5016
26.0264
26.5183
26.6794
27.6702
28.1664
28.4463
29.2853
28.7711
28.7250
28.4204
27.9136
27.9558
28.1345
26.7774
26.8820
26.7044
25.4748
27.4191
28.2395
28.3488
27.8465
26.8952
27.6326
26.9035
26.7844
26.9257
27.8318
27.5146
26.3014
25.8224
25.7680
24.3249
26.6161
26.1830
27.5565
29.4356
28.0162
26.3002
27.3752
27.8641
27.9267
27.3423
26.5329
27.2564
27.4848
27.4526
27.5453
26.9028
26.0893
26.5152
26.2188
26.9227
28.3862
28.4919
28.3315
28.3148
29.2416
28.2888
28.9849
29.1278
28.0301
28.5237
28.3295
28.9081
28.0942
27.7370
27.0713
25.4490
27.0488
26.3006
26.1593
25.8957
25.0866
25.0523
27.0510
27.5549
26.0500
26.7059
27.1902
27.4172
26.6262
29.5053
30.8146
27.8551
23.7728
24.4163
27.6523
27.6821
26.3042
26.1654
25.9830
28.1497
29.0231
29.1999
29.6219
29.2211
28.8564
28.7730
29.0540
28.2168
27.9100
26.9465
26.7146
28.3869
28.1106
26.0433
28.8048
28.6658
28.5950
29.3194
28.8443
28.7454
29.0241
29.4167
29.2482
28.8457
28.6601
28.4444
28.0836
28.2664
27.4214
27.7459
26.9769
27.4721
27.6198
26.5892
26.4571
26.7107
26.7258
25.1977
26.0008
27.9935
28.2166
27.2942
27.0773
27.5541
27.0020
27.5128
26.6283
27.1449
27.0549
27.4934
28.0834
25.6919
27.0347
26.3432
25.2840
26.0775
28.1357
29.7036
28.3086
27.8825
27.7905
26.7249
27.3702
28.0352
27.2863
27.2363
27.5375
26.4788
26.5860
21.5487
16.7062
13.7524
13.1251
13.0403
13.3705
12.9445
12.8358
12.9263
13.1166
13.3951
13.1652
12.7402
13.0625
13.1995
13.6963
13.7064
13.6686
13.3636
13.0759
13.2962
13.0978
12.2208
12.0904
11.7841
12.6367
13.8657
13.5390
13.9273
13.7645
16.5831
17.5193
14.7986
21.0488
26.2969
27.9495
28.5974
28.3892
29.0892
28.9594
28.5918
27.9824
27.7794
26.6641
26.6014
25.9946
26.5525
26.5684
26.3807
25.7932
25.6019
26.6195
26.5112
25.4779
26.0649
25.8363
26.5652
27.1320
28.5894
28.7877
29.1896
28.9391
28.5441
28.6640
28.3062
28.3208
27.8481
27.7465
27.2777
26.7879
29.5038
27.9179
26.6162
28.1183
27.9490
27.2130
26.4671
26.3990
27.6983
27.2493
27.4742
29.3749
28.2861
27.9408
28.3822
28.2696
28.2101
27.6527
28.1276
27.7843
28.1795
28.3859
27.8015
27.4474
27.0209
26.8306
27.1364
25.2993
27.0060
28.3582
28.3852
28.6769
28.3575
28.6283
28.9725
28.9727
29.2464
28.8178
28.8544
28.6061
28.8419
28.9282
29.4120
28.8546
29.0704
28.6255
28.7181
27.9822
28.0661
28.9192
29.0426
28.9249
29.0913
29.2778
29.3638
28.7753
27.7644
26.7980
28.7736
29.4164
28.9655
27.1922
27.8239
28.2028
28.3257
27.9289
28.7910
28.9696
28.9690
29.0314
28.3795
27.9261
28.7013
27.8391
29.1280
29.9607
29.9080
29.4009
29.9298
28.9476
28.5318
28.1600
27.5809
28.4488
28.0865
28.4765
28.6510
27.3827
26.9552
25.4701
26.7042
26.8014
26.7208
27.7023
27.8240
28.2768
28.5679
28.7341
28.9507
29.5114
29.0059
29.4910
29.2881
29.6911
27.7155
27.6311
27.6593
27.7283
27.0483
27.0594
27.1988
27.3777
28.2361
28.0945
28.2728
27.9351
28.8526
28.3651
28.7856
29.0209
29.0973
28.8727
28.8840
28.9591
27.7581
27.8654
29.1239
28.2829
27.4157
27.7266
26.7616
26.2507
28.0351
29.2879
28.8753
29.1574
28.6561
28.5086
28.0144
28.2223
28.3038
27.0964
26.2438
27.5272
27.3925
27.4628
27.5905
28.2883
27.6922
27.6681
27.0843
25.8124
26.2012
26.5667
26.0262
26.6656
27.5353
26.5364
26.1308
27.1282
25.2394
23.6280
27.3587
26.6413
28.0136
27.1017
28.4980
27.8389
26.5787
20.1974
15.8703
12.3916
13.0201
12.3488
12.0767
12.5731
12.9742
11.9606
12.7571
13.4201
13.1141
13.0487
13.8151
13.3900
13.6467
14.2224
13.8229
13.7200
13.6040
13.5421
13.5044
13.5511
13.4316
11.3621
12.6560
12.8298
12.5992
12.4751
13.3644
13.4608
13.3423
13.1731
13.4859
12.6963
13.4143
12.6022
12.4227
14.5273
15.4648
15.1133
14.5967
14.6222
16.3324
14.4783
14.0120
13.4786
16.9117
25.9241
28.1228
28.3869
28.7787
28.4858
27.8729
27.5794
27.4999
28.4115
28.5942
29.0903
28.9090
29.3869
28.5067
28.7272
29.0512
29.0399
28.8212
29.7316
29.0027
28.3282
28.7683
29.4576
28.4597
27.1911
27.5071
28.0283
29.0772
29.6796
28.5826
28.3358
27.7936
29.1359
28.4212
29.2710
29.3576
29.6326
29.3136
28.5226
28.8949
28.6718
28.2930
28.2738
29.1647
29.0480
28.4861
28.9753
28.0867
28.2946
28.6719
28.9086
29.0857
28.4683
28.2824
27.8857
29.0119
28.6631
28.3699
27.7858
27.7228
27.6847
27.7474
28.2422
27.3905
29.1681
30.6785
29.1147
28.5639
28.9480
28.8769
29.2424
29.2156
25.7632
26.6227
27.5225
28.1526
27.4172
26.1948
27.0198
26.3384
27.5030
27.6562
28.2122
29.7388
28.8308
28.6543
28.5659
27.2033
27.3551
28.6474
27.9010
28.1762
28.3640
28.1764
28.4837
29.9574
29.7268
28.6668
28.5137
28.7011
28.6077
29.4857
29.1564
28.1157
28.6278
28.7238
28.1903
28.0390
26.9819
27.6324
28.2779
27.1915
26.3889
28.1656
27.6989
26.6234
27.1796
28.3320
28.7159
28.9025
27.1631
27.5436
28.7413
28.5886
28.1941
28.0225
29.6866
29.2087
28.4093
28.5209
28.2411
28.3815
28.7013
28.8920
29.2841
27.7210
28.4824
28.9196
27.0324
27.5106
28.8845
27.0416
27.8591
28.6162
29.2792
28.7683
28.5585
29.2379
28.8823
29.8690
28.9462
29.5726
30.2983
30.0254
29.2622
27.7890
28.2075
30.1587
28.9948
29.9173
30.1258
30.2653
28.5832
30.8300
30.4443
30.6694
30.9508
29.9862
29.1935
28.6797
28.7174
29.6654
29.5561
29.6072
29.1039
29.2278
29.1662
27.2850
26.8185
26.5458
28.3621
29.7678
30.1912
28.5882
29.2555
28.4199
29.8146
29.1497
28.8499
29.2457
28.9453
29.5298
28.7987
26.6983
22.5707
26.8314
27.9396
28.5627
28.0279
29.7463
29.0294
28.4832
29.0511
29.1293
29.2031
29.1732
29.5085
30.0474
28.9307
28.4504
28.4606
28.7248
27.4535
27.5359
28.4633
27.8371
27.6687
26.2557
24.9303
27.4930
27.6053
28.5186
29.6289
29.4992
28.9681
27.8776
27.4435
25.1007
27.5419
29.4854
29.2950
29.6731
31.1721
30.2532
30.5955
29.7188
30.4263
30.3561
30.1590
29.6445
29.5967
29.4324
29.4709
26.4213
27.8445
28.4091
27.5146
29.4989
28.2017
26.3328
28.3687
29.8185
30.0056
29.5776
28.0836
29.0146
25.4951
26.5694
28.6473
28.8815
28.7052
29.2412
29.1702
29.7876
30.2003
29.0557
26.5392
26.6586
28.3612
28.4753
28.7274
28.4821
28.8525
29.8968
29.0896
29.2710
29.1545
29.4538
30.2144
30.7794
29.8006
27.6131
28.0264
28.8620
30.1372
27.2964
27.7604
29.0174
27.3283
26.4275
28.7854
27.0509
26.8435
27.1055
29.3393
28.2557
24.5472
25.1208
27.7528
28.3984
28.4064
28.2724
28.6705
29.1637
28.3335
28.7550
29.0272
29.0078
27.8736
27.9958
28.1985
28.3336
25.9576
25.9848
27.6088
28.2986
27.2145
27.3038
29.4314
28.2804
28.2876
26.3584
25.3329
25.3534
24.4528
27.2779
27.7228
28.1692
27.3246
29.5078
29.6367
28.5245
28.3710
28.3872
28.2671
28.0948
28.0686
27.9479
27.1641
26.6633
29.1559
28.9482
28.4764
28.1823
28.7642
27.8887
28.6673
28.2768
27.5836
28.8826
29.3334
28.6146
27.8267
28.4497
28.1685
27.9142
20.7031
18.7745
24.7466
26.5206
28.0573
27.2283
28.8208
29.4285
29.3664
29.8619
29.6826
29.3163
28.4712
29.3957
28.1477
29.4935
25.2476
13.5242
12.5208
19.5305
21.7594
21.3872
21.2382
20.9956
24.2959
28.8066
28.9713
28.5579
29.2046
27.7194
26.9140
26.9823
28.0287
28.0004
27.2014
27.4473
28.0426
28.3984
27.8026
24.7761
17.1858
20.1140
21.6676
21.8968
21.7178
21.5476
21.5620
21.3522
21.4593
24.7161
27.3755
27.8968
28.4214
28.7738
28.6266
28.1248
26.9454
27.2304
27.6002
28.5470
29.3858
30.0664
30.3751
24.2259
21.8644
22.0573
21.9552
22.0890
22.1674
22.1614
21.9669
21.5523
21.3263
21.2370
21.3656
21.6628
21.8456
21.9421
21.8730
21.7647
23.4552
27.4457
28.0578
28.4952
27.7043
26.3442
22.1455
21.4864
21.5560
21.8406
21.8701
17.9179
14.8517
14.7541
14.8633
14.9514
14.7301
14.4761
15.0667
19.7935
19.8196
20.1164
21.3790
22.4318
26.7169
27.9002
27.9107
28.5069
27.9150
28.4277
28.6177
27.4778
28.1867
28.7639
21.6878
18.1225
18.0338
18.0116
18.0343
15.9726
15.3007
17.3404
27.4001
28.6088
27.9021
27.7811
27.3293
27.5337
28.6028
29.1271
28.6150
28.5292
29.5976
29.5751
29.2134
24.1486
20.7610
20.8956
24.1059
18.2118
18.0019
17.9966
18.0558
18.3172
26.8105
28.0711
26.8363
21.8574
21.8800
22.0685
20.6208
15.0400
14.5099
14.4422
20.7744
27.8442
27.9105
27.3138
27.8020
27.9259
28.3933
28.6549
27.5459
27.3347
27.4001
26.0518
26.4656
27.0392
26.3129
23.5963
25.3333
27.7286
26.8267
26.8907
27.1801
28.7659
30.2459
29.0336
26.6083
24.7979
27.1440
27.7209
27.6047
27.9640
27.8175
27.7021
27.6947
27.6143
26.9582
25.9829
27.6073
27.7872
27.8798
27.5999
26.5479
26.1992
26.1497
26.7539
28.1291
27.2405
27.9368
27.0517
26.7683
28.3988
27.2778
27.4097
27.4874
27.5171
28.6962
27.7975
26.1908
27.0583
26.7066
26.0828
26.4641
26.5967
28.4366
27.9046
26.4949
24.9996
25.6905
26.4877
28.1733
28.6361
27.2828
26.6489
26.6339
24.6349
23.4154
24.4664
25.4524
25.8213
27.0158
27.2082
27.3528
26.9781
26.3032
26.0111
26.6844
26.3848
26.2184
27.0585
26.9248
28.1250
27.6690
27.4436
26.2820
27.1178
27.2670
27.2936
26.7105
27.0534
26.6130
26.4969
25.8774
28.6423
29.7420
28.3001
27.6537
26.5677
27.0090
27.5367
27.6437
27.1066
27.6826
28.1309
27.1866
27.0919
27.2400
26.8349
26.2752
26.0088
26.0634
26.4883
26.0569
25.7622
26.6688
27.4432
26.9609
27.5492
28.2708
28.0532
26.7044
25.8937
20.6557
20.6087
20.2939
27.0459
27.5523
28.3030
28.2491
28.0660
28.7548
28.2691
27.7172
27.9819
27.7657
29.0547
28.4631
28.5608
27.7808
26.9183
26.9956
28.0860
27.8334
27.9597
27.5139
28.9671
28.0880
27.9412
28.3559
28.7393
29.2556
29.3833
28.6578
27.8202
27.9362
27.3466
27.2170
27.7375
27.9098
26.5685
27.0518
26.9148
26.7166
27.0272
27.7590
27.8736
26.6701
21.7849
14.5055
14.4553
16.2900
23.0104
27.9649
26.7600
27.1098
25.9828
26.8876
28.8652
29.5404
29.8799
29.5370
29.0696
28.0019
28.1328
28.7245
27.8603
28.2477
28.7855
29.3468
28.7918
28.0529
29.2470
27.6504
27.0292
27.7413
27.4198
27.5047
26.9915
26.9737
24.7541
25.1565
29.2609
29.2888
20.8037
14.6302
14.2738
13.6211
14.0707
13.3669
13.4486
14.1929
13.8944
13.4827
13.1597
13.6917
13.3349
13.9403
13.6780
13.4258
13.7951
13.7581
13.9874
13.9088
12.9459
13.5957
14.6560
14.7254
14.3557
14.6252
14.2813
14.3675
14.1940
14.1903
13.6257
12.7315
13.2825
12.7604
13.5498
12.9087
13.2345
13.2549
14.2865
14.0510
13.9532
13.8740
13.7658
13.8403
13.8036
13.8415
13.8779
13.8182
13.7706
13.8329
14.1360
13.4249
13.6498
13.9682
13.5037
13.7703
14.4027
14.6684
14.5315
14.4553
14.5679
14.7068
14.0113
14.1009
14.1307
13.4988
13.0370
13.4360
13.5741
13.4532
13.8265
13.7201
13.7571
13.5302
12.9249
13.8930
13.8130
13.7431
12.5382
13.3225
14.0822
14.1331
14.1293
13.7897
13.1583
12.4530
10.7918
10.7405
10.8900
10.9043
10.5877
10.9538
12.2544
12.9170
12.2517
12.5434
12.6106
12.3049
12.7096
13.2230
12.5497
12.4146
12.3873
12.7273
12.9097
13.5118
14.0531
14.1413
14.2974
14.5298
14.5011
14.3615
13.1310
11.4254
11.5350
11.4399
11.5440
13.1461
15.2053
15.0778
15.3353
15.0148
15.6565
15.2821
15.3524
15.6960
14.9861
14.6169
13.8053
11.5814
11.4137
10.5711
10.5437
10.4085
10.5364
10.4444
10.6051
10.6630
11.2393
15.1629
15.0890
14.9732
15.2955
15.1530
14.1283
15.4183
14.8788
14.6367
14.8352
14.7188
14.8355
14.5765
14.1832
14.1589
11.6108
9.4657
11.0789
11.2873
11.2910
11.1829
11.5115
11.2975
11.2187
11.3738
13.2212
14.5641
14.2266
14.7578
13.9770
13.7096
11.2349
11.0957
10.9920
11.5554
13.8963
13.4332
11.4681
12.2508
11.4200
11.4595
11.3436
11.1951
11.2846
11.3700
11.4465
11.4263
11.2329
11.1513
11.0204
11.5941
11.5423
11.7642
11.5720
11.6956
11.4388
11.3773
11.3721
11.5576
13.1009
13.5155
13.6279
11.8491
10.4967
10.8429
11.2953
11.1889
11.2647
11.1888
11.0644
11.0077
10.9707
10.9706
10.8554
10.9360
10.9047
10.9037
11.1151
11.1895
10.8135
10.9117
10.8597
10.7648
12.8507
13.3266
13.3689
12.5813
12.7494
12.5605
12.6424
11.3550
11.0461
11.2964
11.1580
11.0089
10.8362
10.5519
11.3275
11.3737
11.3373
11.3725
11.5137
11.4448
11.1413
11.2521
11.0884
13.0655
14.0562
15.5188
14.0440
12.1002
11.5637
12.2530
12.3336
11.4639
11.3958
11.2125
11.2684
11.1829
11.1485
11.1671
11.0354
11.1156
10.9548
11.0284
11.1042
11.1618
11.1905
11.0704
10.9071
10.9037
10.8161
10.9140
10.7579
10.7753
10.8865
10.9115
10.9836
11.1252
11.3083
11.0354
11.1779
11.2920
11.1022
11.1900
11.1328
11.1452
10.9581
11.0229
11.0029
11.0823
11.0879
11.0118
10.8686
10.8288
10.7420
10.8907
10.7925
10.9387
11.0469
11.0470
11.0116
11.0687
11.1210
11.0782
11.0626
11.0633
11.1412
11.1845
11.0846
10.9903
11.0921
11.0111
10.9651
10.9177
11.1032
11.0551
11.0103
10.8305
11.0631
10.8973
10.8708
10.9137
10.9182
11.4834
11.4938
11.5186
11.4206
11.3617
11.4157
11.3500
11.1475
11.2203
11.7339
14.4952
13.8948
14.7084
14.2631
12.4262
13.2319
14.0523
14.6643
11.8497
10.9349
11.1072
11.1260
11.2096
11.3592
11.5286
11.5353
11.4275
11.7372
9.1627
2.5643
0.1289
0.0093
0.0000
0.0000
0.0000
0.0000
0.0000
0.0000
0.0000
0.0016
0.0936
0.0264
0.0000
0.0000
0.0000
0.0000
0.0000
0.0000
0.0000
0.0000
0.0000
0.0000
0.0000
0.0957
0.0007
0.0014
0.0000
0.0000
0.0000
0.0000
0.0000
0.0000
0.0000
0.0000
0.0022
0.0000
0.0759
0.0000
0.0000
0.0007
0.0000
0.0000
0.0000
0.0000
0.0000
0.0000
0.0008
0.0000
0.0000
0.0000
0.0000
0.0000
0.0000
0.0000
0.0000
0.0000
0.0000
0.0000
0.0000
0.0007
0.0015
0.0101
0.0000
0.0000
0.0000
0.0000
0.0000
0.0000
0.0000
0.0000
0.0007
0.0000
0.0000
0.0000
0.0000
0.0000
0.0000
0.0000
0.0000
0.0094
0.0014
0.0000
0.0032
0.0008
0.0014
0.0000
0.0000
0.0000
0.0000
0.0000
0.0000
0.0007
0.0016
0.0098
0.0007
0.0008
0.0000
0.0000
0.0000
0.0000
0.0000
0.0000
0.0000
0.0000
0.0000
0.0000
0.0000
0.0007
0.0007
0.0000
5.2244
9.0958
9.1162
8.9480
9.0139
8.9996
8.9832
8.9763
9.0136
8.9257
8.9894
8.9893
8.9967
9.0537
9.0195
9.0394
9.0471
9.0418
9.0336
8.9025
9.0632
8.9446
9.0810
8.9861
9.2097
9.1104
9.1799
9.0628
9.1758
9.0124
9.0774
8.8229
9.2051
8.8117
9.3334
9.1986
9.0275
9.3461
9.1696
9.2041
9.6631
10.1809
10.3477
10.2697
10.0139
9.9278
9.8413
9.8776
12.0469
14.8570
14.3922
11.4130
10.1731
10.2160
10.2550
10.4135
10.5216
10.1807
10.1807
10.0295
10.3115
10.2762
10.2361
10.2685
10.2549
10.3179
10.5429
10.3407
10.3262
10.5230
10.3058
12.1951
13.7058
12.8859
10.3491
10.2334
10.3924
10.3452
10.4152
10.4039
10.3210
10.1646
10.0559
10.0089
10.0984
10.0869
10.0177
10.0097
10.0565
9.9764
9.2592
9.8732
10.3986
11.0224
12.5245
13.0482
13.1423
13.1046
12.6558
10.3143
10.0983
10.1178
10.2513
10.2898
10.2057
10.2911
10.1563
10.1903
10.0749
10.0010
10.2619
13.4153
13.7000
13.5221
12.9779
13.1795
13.8175
13.6466
12.9447
12.7526
13.3864
14.4369
11.0924
10.1658
10.2413
10.2966
10.4766
10.5395
10.6274
10.5862
10.5840
10.4628
10.3654
11.4334
13.5953
14.0540
14.2150
14.4685
14.2613
13.3527
14.3789
13.9832
13.8966
13.9142
13.7221
12.1551
13.7320
13.9196
11.4343
11.3478
10.7302
10.4436
10.6618
11.4090
12.8643
12.8753
12.7123
12.9799
13.0156
12.9454
12.9336
13.0416
12.6970
12.6277
12.8564
12.9307
13.1443
13.1192
13.7265
13.3873
11.8452
11.6835
11.1917
11.1814
10.8827
10.7623
11.0575
11.2979
11.8324
12.6913
12.8435
12.8666
12.8097
12.6292
12.7663
12.9652
12.9105
12.8196
12.7377
12.7912
12.7627
12.9544
12.9953
12.9480
12.7117
12.8605
12.6980
13.1895
12.9832
12.8378
12.9727
12.9188
12.9816
13.0703
11.2255
11.3267
12.2064
13.3627
13.7216
13.6650
14.0525
13.7440
13.9347
14.1065
14.1686
14.0464
13.5927
13.1028
13.5289
13.2015
14.3458
15.6845
13.4336
14.0171
14.4493
15.4969
16.3525
15.2004
15.4818
15.7159
15.5255
15.1786
15.2959
15.1440
15.0443
16.4015
15.5485
15.4204
15.6329
15.7691
15.4238
15.5846
15.3919
15.4559
16.0280
16.2587
16.5409
16.5470
14.9671
14.6617
14.2667
15.8209
14.5628
14.6047
15.1845
15.2621
15.5035
15.6969
15.3934
15.2709
14.6811
14.6836
13.7416
13.2249
12.7374
12.7318
13.3812
14.3618
14.7905
15.4650
15.7883
15.7061
14.9217
16.1570
14.9698
13.1877
15.6879
15.5149
15.8003
14.9384
15.5565
21.1046
26.2582
25.6108
25.8439
25.3764
24.3525
24.5574
26.0791
27.0505
27.6732
27.7750
28.9677
29.3225
27.3334
28.0952
27.8024
29.0241
28.4091
28.8392
29.2676
28.3053
28.1228
28.4010
27.6969
26.7951
26.7766
26.0027
26.2863
27.0038
27.8522
28.0737
28.7049
28.3685
28.3819
28.3348
29.2066
29.3520
29.7177
28.7309
28.8846
28.2164
28.2021
28.1134
28.1565
28.7159
27.7655
27.3217
27.6572
27.6196
27.8339
27.8532
28.3388
28.7537
28.5110
28.1815
28.2617
27.7992
28.7246
29.7370
30.0391
28.5733
27.0572
24.5216
21.1313
21.0615
23.0468
25.8193
26.6212
28.1908
27.6169
27.4308
27.8488
26.6486
25.5492
24.7465
26.7109
23.4618
26.5933
27.8984
28.6173
28.7022
27.3030
27.0477
26.4753
26.4487
24.5010
22.4391
20.4961
22.1835
23.3753
24.2913
25.8901
27.3376
27.9977
28.1909
28.0947
26.7064
18.9171
14.8165
14.8505
20.0088
26.4591
28.0853
27.5921
28.2058
29.2039
29.1732
29.7322
26.7480
25.4238
28.0984
25.4548
22.1833
23.4815
25.7199
26.5364
27.3754
27.2480
28.0353
26.8322
22.9883
22.3409
19.9328
14.4734
15.5917
18.8649
23.9663
27.7220
27.9620
25.2693
25.2223
24.8062
22.9013
21.3475
21.8424
21.8793
22.9774
25.4393
28.4014
26.7253
27.0266
27.7257
27.5448
26.4986
27.0122
23.8136
23.4555
23.6835
20.8879
21.6875
26.3279
26.1758
27.0618
24.4336
26.3600
27.3620
24.8948
23.7372
23.5935
23.6784
24.4413
27.9919
26.0053
19.5087
22.3985
25.4293
27.3005
27.9432
24.1530
17.6180
17.7302
17.8395
17.5365
17.7621
24.1950
27.0190
28.5287
26.0450
24.7832
20.6631
20.6213
20.5835
20.4322
20.4191
20.5529
20.6705
19.5012
17.1146
16.9076
17.0297
18.9843
21.8350
21.2400
24.7701
22.1686
24.1740
28.3787
26.0627
23.3291
17.2664
19.6972
20.1125
23.8084
23.9526
23.7321
23.7475
23.6746
23.6698
23.5551
21.3946
17.3769
17.4846
17.9642
17.7224
17.3612
17.6635
18.5195
21.8651
20.9293
21.4390
24.0692
25.4230
25.5254
18.9212
16.4707
16.4635
19.3368
22.5548
22.1123
20.3315
16.7219
16.6730
16.5023
16.7895
16.9508
18.5393
21.5486
22.6050
22.7973
21.7379
17.9572
17.4208
17.6002
18.4053
21.1789
23.9071
27.5426
28.2250
28.2043
27.8702
27.9728
27.7250
28.2638
28.3012
21.2133
19.5606
19.6118
19.6049
19.9245
19.9351
21.0148
22.3378
23.3579
19.9578
13.9408
10.2658
8.3050
9.2811
9.4396
9.6289
12.1281
13.5178
13.8041
13.9738
14.0411
14.7159
13.7280
14.1858
14.5473
12.0301
12.0538
13.6594
13.8670
14.2980
14.3678
13.6959
12.9867
12.7018
11.8894
10.1996
10.2483
10.3382
10.1879
10.3097
12.3742
13.7593
13.2822
13.7692
15.2400
16.0913
15.1649
15.1527
15.2093
14.7873
16.8685
19.2771
20.7134
21.2771
21.5575
21.2744
19.9057
15.3668
11.2865
11.0675
11.0106
10.9153
10.8150
10.8470
13.4019
24.8308
27.2376
22.9566
14.4866
16.0488
20.1812
16.1862
13.4017
13.2305
13.4598
16.0066
17.9431
21.4725
21.6508
21.5430
17.1022
13.8317
13.1902
12.9685
12.8006
12.7151
12.8103
12.7022
11.7305
17.5337
19.4705
11.6366
11.1643
10.9067
11.0532
11.0640
11.1148
10.9189
11.0496
11.1396
11.2394
11.1317
11.2823
11.1703
11.0563
11.0799
11.0279
11.0731
11.0868
11.1130
11.0977
11.0736
10.9412
10.2610
10.4523
10.6749
10.4990
10.6156
10.6829
10.6720
10.6773
10.7056
10.6667
10.7215
10.6770
10.6416
10.6482
10.6746
10.6687
10.6222
10.4621
10.6250
10.5653
10.5277
10.4498
10.6546
10.5796
10.6808
10.5898
10.5614
10.6409
10.6141
14.4618
13.7790
13.0441
12.1394
11.2140
11.0498
11.0286
11.0131
11.1500
12.0252
13.7516
13.7981
13.8816
13.7094
13.6626
13.8341
13.8394
13.7443
13.9020
14.3895
14.5486
13.8737
13.8205
13.7762
13.8305
13.7087
12.2491
11.2005
11.0822
11.1387
11.1326
11.0145
11.1109
11.0518
11.0540
11.0698
11.1048
10.8026
11.1486
11.4258
11.2536
10.9855
11.1950
14.5876
13.3791
13.0589
12.9232
13.0436
12.9562
13.0286
13.0080
12.9334
11.0825
11.2326
11.2604
12.8732
11.3761
11.2075
11.2299
11.2667
11.2403
11.2892
11.2346
11.4023
11.3487
11.4020
11.2195
11.1614
11.1803
11.2237
11.3639
10.5708
10.7310
10.7125
10.7303
10.9303
10.9891
10.7694
11.2979
11.2416
11.2330
11.1978
11.3255
11.0997
11.0327
11.0371
11.2244
11.0943
11.0238
10.9738
11.6347
18.7651
24.3799
24.4730
24.5543
24.4806
24.4373
24.7809
24.5420
23.0875
20.5032
19.8677
19.9308
20.3093
20.9906
21.3547
21.4005
21.4340
21.4599
21.3835
21.3172
21.3868
21.0738
20.2776
20.0223
20.1002
19.7294
19.7666
20.3148
17.9239
14.3483
12.2587
11.4909
11.6452
11.6436
11.4887
11.3917
11.4846
11.4740
11.3411
11.3818
11.4006
11.3217
11.2008
11.2637
11.3612
11.3421
11.2970
11.2371
11.2805
11.2640
11.2066
11.3472
11.1291
11.1676
11.2576
11.1663
11.3760
11.5643
11.3606
11.3857
11.3483
11.3158
11.3645
11.3720
11.3675
11.3299
11.2828
11.2167
11.2336
10.2226
9.0913
8.4206
8.4867
8.4178
8.5146
8.4811
8.5078
8.3911
8.4751
8.4723
8.4259
8.4830
8.5611
8.4212
8.5019
8.6071
9.2738
9.3893
9.5253
9.2894
9.4846
9.3604
9.3787
9.4122
9.3997
9.3133
9.3973
9.3800
9.4018
9.5054
9.3456
9.3434
9.3685
9.4303
9.3576
9.3588
9.1240
9.4949
9.4468
9.4554
9.6030
9.6961
9.9809
9.6361
9.5955
9.5766
9.5665
9.8690
12.0141
14.6124
15.7297
15.6590
15.4769
17.0576
16.6552
16.7284
16.4055
16.6730
16.4948
16.0651
15.8529
15.8057
15.9835
15.9453
16.2178
16.7426
16.5404
16.0806
15.2264
14.9913
14.7708
16.2766
16.2104
16.6492
17.0666
16.9334
13.5946
13.2494
14.6708
14.8753
14.1275
12.8642
12.9164
12.8462
12.8269
12.7818
12.8483
12.8571
12.8897
13.0156
13.0170
12.9826
12.8865
12.8804
12.8472
12.9065
13.0465
12.8709
12.9178
12.9721
12.8448
12.7657
13.1238
12.9515
13.0998
12.9899
12.7945
13.0818
12.8763
13.0416
12.8588
12.9685
12.9414
13.0257
13.1038
13.1295
13.0702
13.2345
13.1771
12.9827
13.1232
13.1867
12.9504
13.2061
13.0336
12.9450
13.1513
13.1748
13.0933
13.1933
12.9315
13.0693
13.0922
13.0673
13.1485
12.9892
12.9602
13.0033
13.0089
13.0738
13.0738
13.0054
13.0636
13.0458
13.0413
12.9828
13.0958
12.9893
13.1207
13.0630
13.1577
13.0378
13.2471
13.1402
13.1996
13.1854
13.2191
13.2976
13.2399
13.2543
13.4005
13.3412
13.2692
13.2662
13.1729
13.2408
13.1928
13.1529
13.2363
13.0487
13.1728
13.2585
13.2626
13.1690
13.3312
13.4574
13.2616
13.4855
13.4485
13.5165
13.3786
13.4300
13.3455
13.4638
13.3683
13.4055
13.3567
13.4052
13.3171
13.4913
13.2349
13.4344
13.3300
13.4959
13.3360
13.4451
13.3248
13.1147
13.4501
13.1783
13.2366
13.1768
13.3017
13.3913
13.3535
13.2901
13.2872
13.1379
13.1756
13.0673
12.9987
12.9023
11.7605
11.8568
11.8897
11.8481
12.0385
12.0311
11.6575
12.1107
12.3016
12.0606
12.0506
12.0653
11.9665
11.8386
12.1128
11.9408
12.2428
12.0535
12.0863
12.0279
12.1056
12.0960
12.0877
12.0000
12.0528
11.9537
12.1105
12.0859
12.1948
12.1732
12.0187
12.1830
12.1587
12.1242
12.2567
12.1592
12.1211
12.0002
12.2353
12.2459
12.4333
12.2551
12.3173
12.2490
12.2712
12.3429
12.3662
12.1406
12.2476
12.1159
12.1622
12.1030
12.1866
12.3011
12.4553
13.3188
13.1660
12.9375
13.1230
13.0436
12.9835
13.0784
13.1389
13.1643
13.1269
13.1845
13.1009
13.2761
13.2657
13.1296
13.2058
13.2195
13.1685
13.2462
13.2428
13.2397
13.1640
13.2224
13.1743
13.2838
13.1477
13.2007
13.1579
13.1839
13.2862
13.1787
13.1827
13.3333
13.2009
13.1469
13.2349
13.2629
13.2302
13.3030
13.3045
13.3160
13.2524
13.2589
13.3729
13.2045
12.8183
13.0845
13.1837
12.7913
12.4141
12.4141
12.4141
12.4141
12.4141
12.4141
12.4141
12.4141
12.4141
12.4141
12.4141
12.4141
12.4141
12.4141
12.4141
12.4141
12.4141
12.4141
12.4141
12.4141
12.4141
12.4141
12.4141
12.4141
12.4141
12.4141
12.4141
12.4141
12.4141
12.4141
12.4141
12.4141
12.4141
12.4141
12.4141
12.4141
12.4141
12.4141
12.4141
12.4141
12.4141
12.4141
12.4141
12.4141
12.4141
12.4141
12.4141
12.4141
12.4141
12.4141
12.4141
12.4141
12.4141
12.4141
12.4141
12.4141
12.4141
12.4141
12.4141
12.4141
12.4141
12.4141
12.4141
12.4141
12.4141
12.4141
12.4141
12.4141
12.4141
12.4141
12.4141
12.4141
12.4141
12.4141
12.4141
12.4141
12.4141
12.4141
12.4141
12.4141
12.4141
12.4141
12.4141
12.4141
12.4141
12.4141
12.4141
12.4141
12.4141
12.4141
12.4141
12.4141
12.4141
12.4141
12.4141
12.4141
12.4141
12.4141
12.4141
12.4141
12.4141
12.4141
12.4141
12.4141
12.4141
12.4141
12.4141
12.4141
12.4141
12.4141
12.4141
12.4141
12.4141
12.4141
12.4141
12.4141
12.4141
12.4141
12.4141
12.4141
12.4141
12.4141
12.4141
12.4141
12.4141
12.4141
12.4141
12.4141
12.4141
12.4141
12.4141
12.4141
12.4141
12.4141
12.4141
12.4141
12.4141
12.4141
12.4141
12.4141
12.4141
12.4141
12.4141
12.4141
12.4141
12.4141
12.4141
12.4141
12.4141
12.4141
12.4141
12.4141
12.4141
12.4141
12.4141
12.4141
12.4141
12.4141
12.4141
12.4141
12.4141
12.4141
12.4141
12.4141
12.4141
12.4141
12.4141
12.4141
12.4141
12.4141
12.4141
12.4141
12.4141
12.4141
12.4141
12.4141
12.4141
12.4141
12.4141
12.4141
12.4141
12.4141
12.4141
12.4141
12.4141
12.4141
12.4141
12.4141
12.4141
12.4141
12.4141
12.4141
12.4141
12.4141
12.4141
12.4141
12.4141
12.4141
12.4141
12.4141
12.4141
12.4141
12.4141
12.4141
12.4141
12.4141
12.4141
12.4141
12.4141
12.4141
12.4141
12.4141
12.4141
12.4141
12.4141
12.4141
12.4141
12.4141
12.4141
12.4141
12.4141
12.4141
12.4141
12.4141
12.4141
12.4141
12.4141
12.4141
12.4141
12.4141
12.4141
12.4141
12.4141
12.4141
12.4141
12.4141
12.4141
12.4141
12.4141
12.4141
12.4141
12.4141
12.4141
12.4141
12.4141
12.4141
12.4141
12.4141
12.4141
12.4141
12.4141
12.4141
12.4141
12.4141
12.4141
12.4141
12.4141
12.4141
12.4141
12.4141
12.4141
12.4141
12.4141
12.4141
12.4141
12.4141
12.4141
12.4141
12.4141
12.4141
12.4141
12.4141
12.4141
12.4141
12.4141
12.4141
12.4141
12.4141
12.4141
12.4141
12.4141
12.4141
12.4141
12.4141
12.4141
12.4141
12.4141
12.4141
12.4141
12.4141
12.4141
12.4141
12.4141
12.4141
12.4141
12.4141
12.4141
12.4141
13.0199
14.6832
14.9167
14.9697
14.7227
14.7082
14.7864
14.8019
14.6866
14.6578
14.7153
14.7987
14.8513
14.7308
14.8948
14.9678
14.7715
14.8193
14.7838
14.7861
14.5613
14.6818
14.9100
14.6800
14.6447
14.7146
14.7062
14.8279
14.7294
14.6910
14.6061
14.4740
14.5567
14.4635
14.4520
14.6115
14.5219
14.4986
14.4586
14.4845
14.5273
14.4827
14.3981
14.5516
14.5291
14.5151
14.4885
14.5127
14.5861
14.6185
14.5571
14.5523
14.5741
14.6532
14.5207
14.4196
14.5809
14.5696
14.5314
14.5646
14.5754
14.4834
14.4787
14.5530
14.5907
14.6281
14.5962
14.6260
14.6349
14.9300
15.3630
15.3143
15.3741
15.4683
15.6039
15.7373
15.7197
15.9230
16.0129
15.8134
15.6890
15.4820
15.4939
15.4758
15.6099
15.5210
15.4313
15.4701
15.3006
15.0872
14.9523
14.4145
8.1677
11.8348
14.0683
13.3056
13.8015
14.1549
13.6694
12.5464
13.8381
14.5517
14.0497
13.9950
14.1895
14.5849
13.8333
13.2486
13.1260
13.9712
13.5132
13.3426
13.7115
13.5982
13.5749
13.5973
12.6562
12.5198
12.5031
12.7461
12.4896
12.5497
12.5686
12.7044
12.5404
12.6249
12.5355
12.3393
12.4315
12.5165
12.6632
12.5592
12.5468
12.6677
12.7245
12.6119
12.5286
12.5439
12.5724
12.5154
12.6319
12.8174
12.3651
12.6973
12.7710
12.8102
12.7570
12.8719
12.6816
12.8426
12.7959
13.0106
12.6931
12.7940
12.7669
12.7690
13.0259
13.1461
13.3265
13.2537
13.2334
12.7087
12.6924
12.6730
12.5914
12.4266
12.7102
12.5711
12.7568
12.6094
13.3337
13.3822
13.4173
13.3045
13.6190
14.1309
13.9183
14.0288
13.7566
14.5268
14.5935
14.4459
11.3984
14.4394
14.6029
14.8108
14.4393
14.1518
14.5661
14.5464
14.0957
13.9014
13.2891
13.2830
13.7990
13.9295
13.7532
13.3756
13.0837
13.8702
13.5829
13.0048
12.4975
13.4344
13.5280
12.2929
14.0560
14.5526
14.4710
14.5367
14.3100
14.4273
14.4634
14.3922
13.9376
14.5713
14.5513
14.5080
14.0099
13.6828
13.3332
13.0361
13.4298
13.6789
12.8015
13.4320
13.7408
14.0041
13.6899
13.4075
13.5867
14.1026
14.2466
14.3366
14.3489
14.6626
14.1638
14.7280
14.4872
14.7052
14.5738
14.5196
13.9789
13.4999
13.8194
14.0404
13.6980
13.8622
13.2649
13.5495
13.9540
13.8394
14.0486
14.4620
14.6052
14.5937
14.3448
14.3622
13.8634
14.0766
14.2495
13.3281
13.3075
12.9883
13.3800
13.9863
14.3703
13.3202
13.2975
13.1670
13.4064
13.5428
13.7357
13.6551
13.7000
14.4736
13.7151
13.9848
14.2112
13.8502
14.5925
14.3522
14.7086
14.5704
14.5772
14.2197
14.1651
14.4188
14.6059
14.7767
14.2250
13.5864
14.0991
13.8971
13.6533
13.5208
13.8611
13.4447
13.0576
12.9350
13.8483
13.7016
13.5375
13.0141
12.5456
13.1532
13.1457
12.3319
12.0056
12.5845
12.9920
13.2185
13.5683
14.0256
14.1642
14.2795
14.1402
14.2108
14.2131
14.1915
17.7129
21.7108
13.5208
13.2899
13.5811
13.5262
13.6023
13.5909
13.5868
13.5963
13.4195
13.2991
13.1864
13.3094
13.3172
13.3571
13.4831
13.6476
13.6779
13.9192
14.0425
14.3243
14.0683
13.6074
13.2327
13.0311
13.1526
13.5019
13.6732
13.5794
13.5434
13.6623
13.6635
13.8767
13.6343
13.5021
13.5919
13.4218
13.3920
13.5061
13.5521
13.6179
13.8030
13.8122
13.7850
13.6269
13.3702
13.2206
13.1731
13.1015
13.2164
13.1257
13.3729
13.2475
12.4340
12.8145
13.9876
13.5946
13.5714
13.6884
13.1491
13.2581
13.5260
13.3822
13.5032
13.5896
13.8907
14.1369
14.0555
13.8116
13.7458
13.4645
13.2132
13.1003
13.2009
13.6971
13.7793
14.0995
14.2256
14.1122
14.0548
13.9624
13.9719
13.8527
13.4917
13.4838
13.3671
14.4908
21.0231
24.1482
27.6185
28.2050
27.4258
22.4537
17.0321
17.3244
19.7271
25.8356
29.1884
29.5138
29.0126
28.8692
29.1997
29.6965
28.5413
28.4954
28.5777
28.4383
27.5975
27.4246
26.9669
27.7194
27.3591
28.4011
29.2842
27.7892
28.2691
28.5338
28.5010
29.3619
29.7506
30.9085
29.2213
28.5069
27.7047
27.9853
28.2028
28.5508
28.1534
28.5369
28.4219
28.3632
28.2968
27.7071
26.6712
27.2988
27.2616
28.0934
29.2404
29.2200
29.0905
28.0381
27.9830
27.6268
28.4861
28.1531
28.0196
27.6535
27.7544
27.6629
28.5205
28.3231
28.0236
28.6647
28.5356
28.2229
28.1010
27.8497
27.9187
27.7172
27.7670
27.6244
26.9436
27.6950
27.9512
28.1974
29.1768
27.7301
28.0146
28.3401
29.1647
29.7794
29.6039
29.3562
29.0162
28.2063
28.0724
29.3991
27.4096
28.8968
27.7000
27.9519
28.3891
28.0935
28.3270
28.1303
28.0512
28.3771
28.7768
29.5038
29.4272
28.8339
28.6372
29.0490
29.4369
28.2472
29.3085
28.7578
28.0292
28.3999
29.0399
28.7295
29.1582
29.3437
29.2680
29.4853
29.7890
29.7571
28.7203
29.1246
28.8176
28.6948
28.5166
28.0200
26.8296
25.4268
23.3239
22.2377
26.7164
27.4935
27.2357
27.1638
26.9097
27.0790
26.7993
26.2910
25.6824
25.8279
27.2378
26.2013
25.1212
27.8675
27.1041
25.7700
27.8656
28.3577
28.7565
28.7910
26.5902
23.4991
18.8635
17.9498
18.1107
22.0275
28.0780
28.1329
27.9756
27.7398
26.9234
27.3707
28.8668
28.8773
27.0509
25.1016
21.6286
20.9758
19.1910
17.6645
20.7197
26.2766
26.4051
26.2386
26.8002
27.1367
24.5062
24.3485
26.1828
27.8664
29.1027
27.3612
26.2605
25.1915
20.1226
16.6396
14.4143
18.8830
19.0863
22.3410
28.2709
29.8412
28.9885
28.1742
26.2509
27.1116
26.4710
26.6820
26.6820
26.6820
26.6820
26.6820
26.6820
26.6820
26.6820
26.6820
26.6820
26.6820
26.6820
26.6820
26.6820
26.6820
26.6820
26.6820
26.6820
26.6820
26.6820
26.6820
26.6820
26.6820
26.6820
26.6820
26.6820
26.6820
26.6820
26.6820
26.6820
26.6820
26.6820
26.6820
26.6820
26.6820
26.6820
26.6820
26.6820
26.6820
26.6820
26.6820
26.6820
26.6820
26.6820
26.6820
26.6820
26.6820
26.6820
26.6820
26.6820
26.6820
26.6820
26.6820
26.6820
26.6820
19.5228
13.5958
13.8495
13.1113
13.2502
13.9308
13.9828
13.8822
13.1840
12.3482
12.9606
13.4600
12.8864
13.2835
13.9765
14.8700
13.0994
6.1908
0.0525
0.0347
0.0316
0.0350
0.0282
0.0417
0.0446
0.0379
0.0332
0.0497
0.0460
0.0442
0.0512
0.0287
0.0354
0.0351
0.0283
0.0333
0.0416
0.0278
0.0546
0.0504
0.0243
0.0422
0.0323
0.0227
0.0263
0.0320
0.0217
0.0312
0.0265
0.0357
0.0358
0.0425
0.0291
0.0315
0.0482
0.0306
0.0369
0.0399
0.0529
0.0619
0.0437
0.0273
0.0316
0.0307
0.0369
0.0346
0.0262
0.0167
0.0426
0.0278
0.0270
0.0353
0.0179
0.0275
0.0273
0.0197
0.0268
0.0137
0.0175
0.0131
0.0338
0.0267
0.0159
0.0254
0.0276
0.0196
0.0294
0.0060
0.0115
0.0121
0.0138
0.0158
0.0213
0.0093
0.0156
0.0165
0.0132
0.0127
0.0140
0.0091
0.0203
0.0128
0.0185
0.0131
0.0073
0.0089
0.0079
0.0170
0.0122
0.0103
0.0165
0.0090
0.0107
0.0154
0.0062
0.0140
0.0129
0.0128
0.0053
0.0199
0.0211
0.0173
0.0144
0.0123
0.0147
0.0065
0.0146
0.0097
0.0087
0.0129
0.0180
0.0153
0.0152
0.0181
0.0163
0.0178
0.0218
0.0104
0.0113
0.0145
0.0219
0.0132
0.0065
0.0075
0.0147
0.0149
0.0233
0.0256
0.0230
0.0227
0.0043
0.0017
0.0083
0.0125
0.0058
0.0065
0.0071
0.0073
0.0122
0.0077
0.0086
0.0069
0.0129
0.0070
0.0058
0.0019
0.0058
0.0121
0.0069
0.0008
0.0060
0.0055
0.0048
0.0095
0.0128
0.0131
0.0076
0.0078
0.0096
0.0124
0.0093
0.0119
0.0060
0.0071
0.0110
0.0037
0.0000
0.0054
0.0029
0.0032
0.0068
0.0018
0.0010
0.0082
0.0424
0.0035
0.0024
0.0000
0.0075
0.0029
0.0038
0.0027
0.0081
0.0066
0.0025
0.0000
0.0000
0.0010
0.0014
0.0033
0.0000
0.0013
0.0186
0.0175
0.0166
0.0115
0.0135
0.0237
0.0150
0.0136
0.0120
0.0009
0.0021
0.0009
0.0000
0.0007
0.0025
0.0000
0.0000
0.0019
0.0007
0.0015
0.0334
1.8095
0.0309
0.0017
10.8421
14.9294
16.0535
11.6304
10.8795
14.6533
15.4413
14.8677
14.8615
14.7264
14.5609
14.7376
14.7506
14.8125
14.6593
13.4295
15.0762
15.0020
15.0998
14.9527
14.7329
14.4932
14.2802
14.6989
14.5262
14.3913
14.2738
12.9386
13.1099
12.9426
13.4586
13.4611
12.9671
13.3131
14.0422
13.3369
13.3762
13.6102
13.9820
13.7195
13.1189
14.1692
13.6892
13.4201
12.6626
10.2395
13.2760
13.3854
13.0514
13.3558
13.1720
12.6265
13.1843
13.5728
13.4827
13.3863
12.8775
10.8375
11.7847
11.8479
11.7867
11.8812
11.7790
11.9514
11.8659
11.8047
11.9069
9.9355
9.0411
9.0109
8.9901
8.7699
7.8867
8.4196
9.0941
11.1158
11.8507
13.0118
12.6879
8.8033
8.0639
7.4789
7.8383
7.6894
7.8312
7.6574
7.8243
8.2620
8.4193
8.4903
8.1015
8.0856
8.8335
8.7633
9.1812
9.3910
9.1727
9.0574
9.1391
8.9544
9.7515
9.3712
7.3755
7.5338
7.6187
7.7517
7.3998
7.4568
7.3448
7.3281
7.2067
7.3616
7.4499
7.4399
7.6833
7.4824
7.2913
7.0349
7.2201
7.1490
7.2282
7.4223
7.1955
7.7131
9.3493
7.9385
7.5721
7.2527
7.0744
7.0421
6.8682
7.3667
9.4167
9.0810
8.9586
9.3642
9.4824
9.4179
9.7062
10.0726
9.5531
10.1572
9.3073
10.6537
11.2832
11.4181
11.1075
10.5321
11.0275
11.5905
11.9537
10.1068
10.8021
11.0670
11.4178
10.3135
7.7763
7.4655
7.4621
7.5385
7.4894
7.6549
8.2812
7.7731
7.3395
7.2518
7.5135
7.3192
7.5038
8.0441
8.0275
8.2994
8.7417
8.1435
7.8014
6.7906
7.1034
7.3997
7.2025
7.4330
7.2873
7.1407
7.1299
6.9701
7.0047
7.0367
7.1773
7.1777
6.8622
6.6213
6.4650
6.5187
6.2048
6.6195
6.7778
8.0132
12.1200
13.2491
14.1583
14.0020
13.2711
13.4020
13.7090
13.9765
13.8475
14.1581
14.0443
13.8758
14.2706
14.3556
14.3293
14.0145
14.1709
14.0493
13.8696
14.2170
13.8043
13.9959
13.8101
13.3667
13.9558
13.2980
14.1329
14.6442
14.2716
14.2453
13.8932
13.9277
14.5188
14.2122
14.2978
13.6719
14.2259
14.2145
13.9848
13.9717
14.2509
14.1997
14.1642
13.9274
14.1749
14.1135
13.8460
13.7622
13.9426
13.5166
14.0053
14.1276
14.0149
13.9543
13.9717
13.7545
14.1398
14.0410
14.0746
14.0264
14.2046
14.1405
14.7125
14.6213
15.5379
11.0943
10.6430
9.8458
9.8204
9.9087
9.8548
11.2286
12.4499
12.4795
12.3302
10.1962
10.3693
10.5511
11.3831
13.6722
14.0500
12.5916
12.3225
12.3865
12.4799
12.5857
12.6107
12.5869
12.0428
11.9561
12.1601
11.8045
11.8241
12.0298
12.2397
11.6824
10.4725
10.9245
10.9598
11.1129
11.0000
11.1790
11.1335
11.2876
11.5409
10.5810
11.1314
11.8020
11.6208
11.1880
10.9675
11.0409
11.0407
10.9902
10.7814
10.8294
10.6819
10.7403
10.7911
11.0654
11.0423
11.4866
11.7381
10.7190
10.7288
10.6835
10.6224
10.6826
10.5067
10.7539
10.6719
10.6986
10.5796
10.8477
10.8170
10.7166
10.7357
10.6985
10.7596
10.7481
10.6880
10.6467
10.6153
10.7724
10.7339
10.7435
10.6279
10.8099
10.7124
10.7164
10.8183
10.7539
11.0297
10.8971
10.9348
10.8600
10.9348
10.9312
13.5251
14.2901
14.2498
14.2034
13.8911
13.4063
13.2168
13.3368
13.4751
13.5425
13.4877
15.5126
17.4506
19.4534
19.4987
19.6018
19.3977
19.4281
20.2727
20.9239
24.1603
24.6049
24.0565
24.2615
23.8270
23.7194
23.2268
22.7467
22.7979
22.4627
22.4771
23.2752
25.8651
22.5550
25.3413
27.9831
28.3416
29.0138
28.9580
29.6933
28.7542
29.1375
28.0122
27.8389
28.3105
28.3392
28.6971
28.3457
28.3728
28.8179
28.1738
28.5426
28.5315
27.9401
28.9293
28.7511
28.8772
28.3465
28.8106
28.9397
28.4563
28.9194
28.6683
28.4757
27.2727
28.3253
29.4024
28.4821
28.0287
28.3092
27.9414
26.9208
29.0109
29.8006
29.4115
29.2307
27.8436
28.0836
27.5383
27.4165
26.4736
26.7256
28.4330
28.8834
27.8696
26.9108
28.6262
29.1272
28.8233
28.5094
28.0317
25.7343
27.3605
28.3421
27.9329
28.5643
29.1314
28.0355
27.5741
27.5912
28.0846
27.8857
28.2102
26.8377
18.2679
25.6128
29.7813
28.8138
28.3097
20.7166
17.7507
17.8706
17.7842
17.7605
17.7369
17.8718
17.4829
17.5999
17.8396
17.7806
17.8058
17.6623
17.7956
17.7775
17.7792
17.7052
17.7465
17.8342
17.8202
17.9969
17.8612
18.1451
18.0764
18.1085
18.0695
17.9836
18.0409
17.9258
18.0866
17.7494
18.3498
21.1667
27.5185
28.2030
27.8161
28.4912
23.9978
20.1647
19.8397
19.7591
19.7306
19.6956
19.7068
25.8162
29.1407
29.8326
29.2031
30.4392
29.7885
30.1417
30.4296
30.3911
29.6708
30.2773
29.4358
29.9388
28.8336
27.8131
29.2658
28.9983
28.6784
28.9587
29.6645
29.7337
29.8474
29.3099
29.1688
28.1197
28.2510
28.2693
28.2924
27.8797
27.7585
27.1433
28.0193
28.7454
29.1687
28.3886
27.8649
27.6681
29.2636
28.6871
29.5009
28.0967
28.7263
28.7941
29.1670
26.6083
24.8671
24.5889
24.7004
24.6385
24.5648
24.6531
24.3678
19.2295
18.7700
19.9650
19.6511
19.8560
20.0915
20.5356
22.2487
22.0656
22.0771
23.8035
27.6441
28.4275
28.3888
28.6873
30.4085
30.0864
29.7285
30.1499
30.8967
29.4695
29.4998
28.4657
27.5327
26.0000
27.1431
29.4521
29.3311
30.1610
28.9369
28.8717
28.5532
28.6001
28.0679
26.1680
20.5645
19.8405
19.7120
19.9723
17.5809
16.0679
15.9371
16.0775
15.9245
17.2647
21.4312
22.0016
21.5517
21.8777
21.9032
21.7266
21.9148
21.5696
21.3382
19.2754
19.4208
19.8333
20.5458
19.5347
19.9316
20.0674
20.0397
19.8849
19.8538
20.1667
20.0535
19.9182
19.6885
22.7080
22.5144
23.9950
26.2148
30.4575
28.8667
28.5214
26.7025
20.0544
17.8050
18.0549
18.0600
18.0108
19.6216
22.8760
22.4130
22.9968
22.9389
22.9643
22.9698
20.0329
20.1061
20.0442
20.0475
20.9023
25.0219
26.2107
25.0062
25.2927
25.1418
25.1351
22.8787
20.2735
16.3978
15.4375
15.4098
15.4248
15.4260
15.8313
18.8306
23.8312
24.8555
25.1247
24.4135
25.2639
25.0516
24.8283
27.3945
28.2726
29.9612
28.6634
28.7044
28.4700
28.1494
30.2300
30.1008
25.3712
20.1811
20.0540
20.0688
20.6149
20.0840
21.2762
21.4871
18.5674
15.9448
14.7026
14.3758
14.4561
14.3545
14.2881
14.3631
16.8866
16.2219
23.8716
27.6792
28.2226
30.6845
29.2730
30.0168
30.1234
27.7231
29.1073
28.4457
29.8275
30.5901
28.8291
20.8519
17.9914
17.7508
17.9188
17.8246
17.8369
17.8674
18.0430
19.7939
25.3678
27.8721
25.1214
14.8644
13.7661
14.6573
17.7624
17.9873
20.4018
24.5027
27.3367
28.0061
25.2264
24.6643
24.6469
24.3037
24.5093
23.3923
22.9846
22.5314
22.8684
22.6782
22.8515
22.6665
25.5823
27.3698
29.1745
26.0291
20.0978
20.4402
18.6581
18.2265
18.5437
17.6981
17.8350
21.1108
21.1285
17.1399
17.3946
17.2906
17.3905
17.6706
17.3879
9.3994
10.3635
10.7879
13.6715
15.0072
19.7374
27.0353
28.5401
27.6195
29.9866
29.6297
29.1127
30.4788
27.9317
29.0302
28.7703
23.0430
15.3884
15.1140
15.3819
11.7627
13.1957
12.7834
12.1090
11.3176
11.0342
11.3921
10.9798
11.1024
13.9514
20.9484
21.8310
19.8169
20.9293
17.7496
12.4762
14.0312
13.9610
14.1807
13.9687
14.0613
14.0136
13.8008
21.4873
26.8641
22.7101
20.1890
19.9617
19.9973
20.5031
15.0755
14.8710
13.6841
23.1174
28.7009
29.0920
29.4857
29.2282
28.4932
28.8608
28.4367
28.1756
28.7027
21.2653
19.8777
20.1081
20.0585
19.8736
20.3541
20.1521
20.1863
19.8674
19.9989
20.1392
19.9712
20.2984
24.9538
28.4426
29.2188
29.1017
29.2308
26.6994
29.7728
30.2183
30.3127
28.9246
29.7615
30.4235
30.3724
29.1996
29.4546
27.9109
24.8593
18.6093
16.9545
17.5682
17.7533
17.4808
17.7758
17.2348
17.1749
26.0217
29.6922
28.9938
20.7237
17.5888
16.2352
15.8662
15.2459
14.8684
15.0157
15.0328
16.3018
25.6491
25.9044
26.8787
27.9374
28.3298
28.4415
28.0412
28.8643
28.1577
28.8786
28.8645
28.0529
28.0839
29.9437
29.4242
29.4872
30.8893
30.4015
27.3176
27.8214
28.4818
28.9665
28.8331
29.3643
28.7049
28.0929
26.7753
27.1835
27.9419
27.8638
28.0836
27.5578
28.6769
28.4996
28.4428
28.1253
27.9470
27.5227
28.6394
30.8948
27.9482
29.5104
29.8862
29.0676
28.9328
29.1825
28.3170
28.3604
28.4348
28.3088
28.5418
28.5936
28.0598
28.5668
28.0024
27.4137
26.3108
26.0355
27.4406
27.7303
29.6475
29.3000
29.5456
28.8984
29.7186
29.4754
29.2574
30.1710
30.5551
30.9618
29.8097
28.7837
28.0721
29.1357
28.8217
28.4397
28.0122
27.8730
27.3855
28.0357
28.5150
29.4403
29.5787
29.6842
28.8057
28.1860
28.5920
28.7502
28.8006
28.1201
28.3592
28.5051
28.5801
28.7156
26.3063
27.9206
29.1360
29.6919
30.6161
30.2448
29.1729
28.1034
28.7160
28.1614
28.4529
28.2255
28.3918
27.9541
28.6122
27.4214
28.7550
28.8905
28.5499
29.8726
28.8266
28.8757
14.2586
15.8336
20.2492
23.6566
27.1521
29.0874
28.7064
29.0912
29.2629
28.7152
28.1038
27.9492
27.2744
27.4491
28.3619
28.2064
28.8254
29.0377
29.1141
29.4165
28.2270
29.3167
28.9709
30.2648
29.6425
29.4788
21.8105
17.8311
25.6278
29.1427
29.9216
29.8008
28.9781
29.3780
29.3023
29.5692
29.5726
29.3764
29.6389
29.8798
28.9700
27.7548
28.3836
28.8399
29.2151
28.9599
28.7991
29.2294
27.0783
28.0828
28.7115
27.0427
28.8924
29.1450
29.4012
29.2336
29.0194
28.9343
27.7851
28.0143
28.7242
27.0821
27.3775
27.6487
27.3644
27.5816
26.2269
27.4839
27.8830
28.8063
28.9062
28.6273
28.2229
27.9694
28.2605
28.5367
27.7570
27.5541
27.7740
28.0306
27.8492
26.5530
28.5792
29.2712
29.1725
28.8750
27.3705
15.0931
13.2979
13.1166
13.0278
13.0623
13.1614
13.1579
13.3013
13.5153
13.3281
13.3741
13.1844
13.0977
21.7529
28.7144
28.8858
27.3412
26.5056
25.1155
20.6195
19.6539
24.5777
27.7337
26.6653
27.3070
27.4593
27.2024
28.2262
28.8512
29.5774
30.0567
30.1965
30.3951
29.3994
29.8171
30.4018
29.3978
29.6299
29.3252
29.1188
29.0472
29.5229
29.7075
28.7331
27.7264
26.2629
28.0063
28.1681
28.4035
27.8957
28.9016
29.6765
28.4875
28.9004
29.7660
28.8199
29.1652
28.3060
26.6089
28.2787
27.8689
28.6891
28.8314
28.3816
27.5818
28.5480
29.1845
29.0141
28.2145
28.7751
29.0254
28.7487
28.3237
27.7893
28.1003
28.9319
29.0303
28.7966
28.1878
28.1339
28.4012
28.1188
27.7734
29.2567
28.1241
29.2659
29.1075
28.0995
23.6532
19.5462
26.8569
26.3510
24.2462
24.0220
24.0800
24.2368
24.1087
24.2652
27.7138
27.6864
28.5223
28.4609
28.4367
28.2534
28.8873
29.0317
28.7258
28.1641
28.8860
28.4600
28.4969
28.7656
28.9606
29.0993
28.0839
28.2555
28.3059
27.9252
27.9824
29.0945
28.3243
27.5713
27.7806
28.3236
28.1108
28.1207
28.5799
28.4695
28.4050
27.7513
27.4219
27.9452
28.5680
29.3844
28.5348
28.1897
28.9388
28.1407
28.4719
28.9042
29.2627
28.8024
28.0476
27.5712
27.9919
28.1615
28.0309
27.9444
26.8719
27.8236
28.5111
28.6082
28.5353
28.6644
29.2075
29.8176
29.5424
28.8331
28.6829
27.6172
28.3710
29.2930
29.5420
29.7970
30.6872
30.6709
30.6440
30.4138
29.9350
29.1294
28.3144
27.5346
28.4575
28.8727
29.3263
29.2532
29.0051
28.3556
27.9507
27.4714
28.1178
27.4541
28.0049
27.5430
28.4370
28.0067
28.1419
28.1647
28.5011
29.2435
28.6388
28.0386
28.2796
28.3055
27.9316
28.2432
26.5218
27.8733
29.3399
29.4491
28.5903
28.8036
27.8579
26.3058
26.3135
26.2682
28.4303
28.8256
28.2228
27.4855
27.1837
27.1719
27.5058
28.4306
28.1128
26.8124
27.8134
28.3556
28.8370
30.2607
29.6645
30.2778
28.6573
30.0563
29.6697
30.0922
29.8463
29.1874
29.4902
29.6444
28.6633
28.0615
28.2061
27.7769
27.9886
27.0730
26.9242
26.7261
27.2276
27.9157
27.1287
27.3120
28.8402
28.6784
28.5906
28.2286
27.9798
28.8176
28.3229
28.8471
28.6153
27.9951
28.3412
27.5963
26.6770
27.8158
28.4862
29.2262
28.1269
28.5284
29.6949
29.5971
28.9855
29.2778
28.6206
29.3365
29.0589
29.1434
29.8970
29.1163
27.9577
28.8967
29.5456
28.8735
28.7878
29.4743
29.3768
29.7977
28.8080
29.6610
29.4457
29.7890
29.6389
29.3207
28.5317
28.5276
28.8965
29.0416
29.0295
29.3493
29.0533
28.4259
25.5714
27.2438
28.1670
29.2804
29.6886
27.1770
28.2017
29.1921
29.4079
29.3392
29.3925
30.0872
29.7385
29.3829
29.1162
28.8701
29.0032
28.2992
28.3490
28.1830
28.7311
29.2608
29.2937
28.2034
27.6317
28.1949
29.7956
30.0187
28.9356
27.8993
26.7679
28.2486
28.1862
27.7873
28.8725
29.0588
28.7711
29.2671
28.7164
28.3694
27.9223
28.2348
27.7523
27.5229
28.0842
27.4096
26.6613
26.7107
26.0334
25.8149
27.3271
27.9941
27.1043
26.7749
27.1405
28.7104
28.7056
27.5120
27.3456
26.9850
28.7242
29.4738
29.1695
29.1656
28.6290
27.8047
29.2072
28.8474
28.5534
28.8596
28.7408
28.7684
27.9571
27.9522
28.8000
28.7299
28.4571
29.3025
29.5494
27.5311
28.3257
27.1275
27.7102
28.1384
28.1464
28.1482
26.8245
27.3212
27.6530
28.0437
28.6482
28.4077
27.7905
28.3373
29.4911
29.0926
29.4593
28.8643
29.0616
28.8587
29.6044
29.9954
29.9557
28.8074
29.0254
28.0882
27.6652
27.5305
28.1380
29.1092
28.6856
27.7531
27.3310
28.2748
28.4179
29.0209
28.8282
27.6568
28.5889
27.7561
28.5691
28.4146
27.9818
29.0088
28.7419
28.8046
29.1158
28.0837
28.7582
25.9928
25.4708
26.9060
26.6784
26.4139
25.9608
26.0083
25.9043
26.9348
27.2035
25.9599
25.8292
26.6858
26.9527
28.8977
29.2364
29.6385
29.7250
30.2472
29.4366
29.3655
29.6371
30.0208
29.0655
29.2550
29.3897
27.8696
27.0239
28.3048
28.2598
27.1127
27.9277
27.8227
27.9062
27.9029
27.0082
27.5293
27.8197
27.2094
26.9352
26.6455
24.9971
25.9891
26.8059
27.4403
27.8189
28.5173
29.5721
28.7364
28.7546
29.6238
29.9994
30.0706
30.3665
30.1257
29.8507
29.4877
29.3998
29.6952
29.0473
29.7347
28.9422
28.5319
27.6195
27.1398
27.1954
29.2983
28.5608
28.5075
27.8256
28.0653
27.9101
28.2536
28.9259
28.9216
28.3338
28.7556
28.8021
29.4657
29.8122
29.5293
29.6725
29.5884
28.2234
27.2389
28.1027
27.4416
27.6596
28.3715
28.3815
28.9252
28.4917
27.7549
28.5917
28.5794
28.9430
28.8238
28.8377
26.6392
26.8259
26.7281
27.8121
28.6401
29.8920
29.7783
29.5441
29.9118
29.3788
28.9176
27.6718
28.0346
27.8621
27.0707
28.6508
28.0902
28.9371
28.4448
27.8504
26.6934
26.9229
26.8787
25.8721
26.4103
27.2000
27.3076
26.6967
28.0262
29.0457
29.6218
29.0427
28.5996
29.2238
29.0344
29.3958
28.5525
29.0528
28.2853
27.7686
27.8548
28.7783
28.7983
28.4052
27.8244
27.9555
27.7346
27.9743
27.5098
26.9340
26.9387
27.6620
27.9326
28.1682
29.4360
29.4062
29.3194
28.8422
28.6350
29.0252
28.2031
28.4860
27.1474
27.0070
25.7799
26.6749
27.4276
26.9808
26.1254
26.3811
28.0385
28.3529
28.3119
27.6656
27.9997
27.0803
27.7856
27.8005
28.4763
27.8150
27.8455
28.6612
29.0314
28.4864
28.2165
28.3527
28.5287
28.4324
28.0114
26.7309
27.1675
26.9377
27.2528
28.0895
26.6422
27.4610
28.5487
28.8983
28.0803
27.4973
27.5568
27.4080
26.6651
27.3575
27.9928
27.8205
27.7625
27.7071
26.8427
26.4030
28.9444
28.8697
30.1185
27.9615
27.3314
28.6450
29.3860
26.1535
25.5909
26.5032
27.2726
27.9609
25.1050
24.4283
17.5943
13.7669
13.1276
13.4385
13.3657
13.2432
12.7991
13.7845
13.9601
13.9324
13.9201
14.1654
14.0753
14.2533
14.3259
13.6114
13.5373
10.8997
13.5596
12.7433
11.0242
12.6285
12.3499
13.4030
13.5714
12.9577
13.5789
13.4871
13.2466
12.3115
13.2753
11.9579
12.1096
13.8520
13.8909
14.1716
13.7390
13.1997
13.5945
13.5322
12.8919
13.5327
13.9780
13.9067
14.6055
14.3842
14.2505
13.9507
13.8849
12.2277
16.1237
17.8562
18.7434
19.2140
22.6941
22.1459
26.8665
26.7371
26.0432
26.5119
27.0137
27.4018
27.5223
28.1013
27.0923
29.5509
28.1751
29.2992
27.3274
26.8194
26.7867
26.5688
26.3791
28.8229
28.4375
27.5887
28.0760
28.5065
27.6439
28.6965
28.8678
28.3846
28.2674
29.1114
28.8648
28.3083
27.6572
27.6686
26.8812
26.9750
26.6977
26.5262
26.7787
26.5343
27.0328
27.0850
28.9623
29.1982
29.3579
29.0100
28.4300
28.5155
28.5395
28.4577
27.4000
27.5967
28.2475
29.1682
28.9272
28.4386
28.1860
28.6272
27.7168
28.1778
28.0223
28.6957
29.5253
28.8752
29.2441
29.9545
28.9274
28.4130
28.4849
28.7277
29.1409
28.9459
28.8207
28.2861
27.8057
27.8111
27.8901
27.0150
26.4004
27.1379
28.0423
27.2865
27.5343
26.4973
27.5261
28.8698
28.4762
27.7729
17.9787
16.0696
14.4654
13.5213
14.0987
14.1426
14.7114
13.7923
13.9000
11.7817
11.4393
12.2502
12.4690
18.0218
24.9975
27.2714
27.6016
27.2566
27.3232
27.5465
26.5333
26.6139
27.0197
26.5581
26.3062
26.6084
26.4448
27.2053
27.8908
27.0733
27.3468
27.4001
27.1577
26.8204
26.8062
26.0555
26.8998
27.1751
27.0926
27.6784
28.0396
28.0366
27.9550
28.4638
28.1178
27.7614
28.0516
28.5905
27.9924
27.6262
27.3661
25.8000
26.5341
27.8553
27.8125
26.4069
27.4309
24.9570
26.4574
25.8192
26.9105
27.5719
27.2135
29.0235
29.0959
28.1144
28.9801
28.3223
27.4058
27.9879
28.7519
28.1438
21.0403
21.4450
26.8894
27.3985
26.8743
27.9103
27.3313
26.0641
27.0851
27.3218
27.9138
26.4057
28.4665
29.1367
27.3734
26.7693
27.5223
28.6769
28.4674
28.3108
28.7487
27.7338
27.8301
27.3158
27.2974
18.4329
13.5889
13.2603
12.8139
13.0957
12.6876
12.2622
12.7365
11.9573
13.4655
13.3380
13.2588
13.1414
13.1423
12.0789
13.2514
13.4294
13.7551
13.9199
13.9607
13.7189
12.9290
12.9942
13.4870
13.4512
13.3483
13.7166
13.3834
13.4561
13.4448
12.8086
13.0356
13.6019
13.4911
12.6774
13.3311
13.6356
13.0557
13.1805
13.1035
12.8365
13.3778
13.1903
12.5267
12.3955
13.1556
13.1619
12.9919
13.1507
13.3231
13.1896
13.1537
12.5276
12.2774
11.9450
12.5796
12.5873
13.6652
13.5115
13.0149
12.5254
13.5735
12.9836
13.1470
12.2799
12.6360
13.0534
13.3675
13.2257
12.9023
13.0187
13.1085
13.6349
13.2267
13.1293
12.9802
12.8780
12.5907
12.2965
13.2411
12.5408
13.5798
13.0194
13.1327
13.1768
13.2761
13.1747
12.5924
12.4809
12.8096
13.9641
14.1989
14.0608
12.1777
13.1511
12.9751
13.0636
13.5086
12.7402
12.5791
12.6535
18.7256
18.3678
19.6053
19.5720
20.2950
24.7714
27.2193
27.4613
27.4393
27.9122
27.0881
26.7256
27.4131
27.7604
26.7692
27.7445
26.5865
28.5678
27.4854
27.2824
27.4786
27.8085
27.7781
28.3257
28.1952
27.9573
27.3339
27.0073
27.8785
28.1747
28.4681
28.5141
27.7305
26.3827
27.2036
26.8021
27.9168
28.4101
28.2062
26.9966
26.7095
26.7788
24.1674
14.5870
6.3803
6.7897
7.2767
9.3153
12.3237
13.3292
13.6216
13.7666
13.7985
13.4652
13.2266
13.2177
12.9211
13.5212
13.3925
12.9562
13.1376
13.1256
12.7652
12.2179
12.4420
13.1123
12.6948
13.4419
13.4764
13.8148
13.6473
17.5225
26.3904
28.0130
27.6749
26.7888
27.4073
26.5024
27.0211
27.2456
27.4345
27.7652
26.5352
27.5266
27.9072
28.2964
28.2076
27.3059
27.8048
27.0477
25.9653
27.9066
28.4050
28.5990
28.4467
28.3616
27.5969
27.9998
27.2164
27.4742
28.5465
27.3765
26.8152
26.1121
26.7733
27.3145
26.9641
26.4757
25.8472
27.0942
27.9072
27.4223
26.8744
26.6846
27.6992
27.6811
27.0303
27.6425
27.7893
27.4103
27.2368
27.2062
27.6865
27.8150
26.7143
26.2991
26.5130
26.1873
26.5019
26.7160
26.5030
26.4260
26.6943
26.6714
26.8798
26.2107
27.4761
28.1963
27.3944
28.3335
28.3432
28.0094
27.6651
27.5652
27.9619
27.5497
27.0895
27.4158
27.2011
27.5852
27.5092
27.0641
27.4056
27.1373
27.2236
26.2994
26.6258
26.8519
27.2279
26.4331
27.3109
26.6328
26.4321
27.3629
27.7426
27.4895
28.1407
26.9523
27.7493
27.4382
27.4044
27.4771
27.2538
27.2099
27.2346
27.0247
27.7700
26.6024
26.8147
26.8650
27.0696
26.7868
27.2694
27.6170
28.2633
27.1479
26.7536
26.5263
26.3247
26.6495
27.3872
26.5506
27.2205
27.4189
26.7847
26.7617
27.7391
27.2968
26.9681
26.0971
26.3520
27.6669
27.6208
28.2375
27.3928
26.4976
27.2853
27.2521
27.1623
27.3449
27.1534
27.7631
27.2353
28.3173
28.2370
28.3046
27.9540
27.9680
28.0332
26.9969
28.4482
28.7264
28.6376
28.6731
28.3504
28.5075
27.1536
28.4039
27.7832
28.5180
27.6944
27.9095
28.7898
27.9290
27.6512
28.2726
27.7646
27.0231
28.8234
27.7849
27.7706
27.8266
27.9863
26.8444
28.0389
28.3577
29.2374
28.7606
28.0306
26.6350
26.6847
27.9936
27.6876
27.9774
28.2206
26.8861
27.1933
27.8088
28.5079
28.6672
28.9940
27.6142
27.1691
27.9369
27.4626
28.2493
28.8217
28.3393
28.7363
27.1068
26.9847
27.5569
26.9632
27.3087
26.9202
27.3097
27.3442
27.0087
26.9203
28.0823
28.2159
28.1593
28.6498
28.9556
28.2612
28.5938
28.0776
28.3446
28.6456
28.8338
28.2351
28.6443
28.7498
27.8318
27.9685
28.3420
28.6027
28.8624
28.3623
28.9887
28.7849
27.1535
26.8524
27.1193
26.9303
26.5492
26.3378
26.7923
26.5776
26.8980
27.1666
27.2024
27.1705
27.5779
26.9875
27.3388
27.1520
27.7974
28.4267
28.1020
27.7892
26.4269
26.2704
25.8716
25.9743
26.0836
25.8665
25.8905
26.9019
26.9964
26.6168
26.9233
26.8673
28.4843
28.5344
29.1216
28.6889
29.2643
29.3433
29.1563
26.8209
27.7312
28.7198
27.7606
27.7402
28.5783
28.8465
29.5931
28.0884
27.4138
27.8554
26.9478
26.4771
26.7459
26.2551
26.4546
25.7502
26.1914
25.8057
26.3293
26.8889
26.8649
27.0204
26.5882
25.9576
26.2379
27.1200
24.7726
25.2663
25.5952
25.5741
25.1055
26.6158
27.4635
28.3199
28.5674
27.5659
27.5287
27.2502
27.0295
27.1162
28.7458
28.6630
28.1259
27.7988
27.7736
28.0280
27.3888
28.2673
28.6292
27.3458
27.8426
26.6882
27.9463
28.2033
28.6814
29.3771
29.2896
27.8761
27.0587
26.8383
27.2393
28.4009
27.4245
27.7799
27.9445
28.7893
29.0616
28.8646
28.6914
28.7490
27.6057
27.3157
27.4476
27.6249
28.9907
29.7452
29.9747
28.4646
28.0968
28.6751
27.7286
27.1782
27.1792
26.2142
27.2237
27.9858
28.4677
26.4585
25.4343
28.2804
28.4501
28.5695
28.2688
29.1291
27.9968
27.6578
27.5773
27.5986
28.7633
28.5803
27.8722
28.5101
28.9726
27.9045
28.2643
26.2562
26.4673
26.2736
26.7942
26.8672
27.7520
27.1948
27.5686
27.8152
28.1585
27.6109
28.0211
27.7527
27.3533
27.7517
27.6897
28.3935
28.4190
28.8961
28.0138
28.0662
28.3406
28.2416
27.3190
27.9122
28.6608
28.6216
27.5552
27.8873
28.1797
27.5878
27.8300
27.2559
27.8916
27.6566
28.5793
28.3720
27.6974
27.0248
26.7782
27.3403
27.8548
27.0367
26.8127
27.5808
28.3541
27.8760
28.1625
26.7589
27.1170
27.1983
27.0061
27.4655
26.9972
27.3905
26.7714
26.8649
27.6042
27.6254
27.8113
27.3091
27.3931
27.2890
27.3159
27.5758
29.0239
30.2299
29.6053
29.1020
28.6256
28.5433
28.2702
28.4015
28.6623
27.5754
27.9037
27.7586
28.1387
27.6379
27.4197
28.7087
28.9784
25.2613
24.4439
26.6486
27.3405
26.7481
26.5113
27.3177
28.8614
29.0148
28.7373
28.1112
26.7075
27.9840
28.5650
27.8486
27.1750
27.7271
27.4932
26.7837
27.2608
27.5495
27.0527
27.3509
27.0501
28.2762
28.9449
28.9975
28.2070
27.6014
26.7677
26.7510
27.4958
26.9331
26.6304
27.4996
29.0474
28.3799
27.7726
27.7248
29.0575
29.7884
29.2359
29.0080
27.5302
28.0920
28.2346
27.7821
28.2756
28.4762
28.5089
27.9424
27.2243
27.7160
27.7025
28.2842
28.2528
24.7516
28.3632
28.3755
27.9760
26.8127
26.3405
26.2985
27.6458
27.2449
27.7592
27.9202
28.3400
28.3281
28.4323
27.6295
27.9430
27.6066
27.4674
27.5714
28.5626
27.8421
27.8912
28.6197
28.9462
27.8314
28.4445
28.5855
28.4823
30.4857
30.2821
29.7466
29.8630
29.7184
29.7065
29.0328
29.5486
29.0237
29.3843
28.5012
28.3187
28.2111
28.2205
27.9843
28.4013
28.3847
27.9909
27.6782
27.7042
28.5165
27.9162
28.1947
27.8650
27.9254
27.7217
27.4207
27.4584
27.0928
27.4308
27.7403
28.5783
27.3306
26.3202
26.6267
26.5225
26.4932
26.2044
26.6182
27.2606
27.6473
27.6106
27.9636
27.5995
27.2025
27.8351
27.9380
28.0500
28.3968
27.5391
29.2218
28.2198
29.1574
29.1862
28.7855
28.5652
28.6454
28.7263
27.5981
27.4321
27.9563
28.5437
28.0836
27.7875
27.5777
27.6549
27.7243
27.8095
27.5464
27.9345
28.4364
27.9627
27.5399
27.3205
27.0006
29.4752
29.1385
28.0979
27.7235
27.6163
27.3283
27.6567
26.5977
26.5250
26.7319
27.0176
27.6095
27.5772
27.4963
28.3314
28.0978
28.3281
28.2899
28.9024
28.5885
28.2012
26.8527
27.5794
28.0448
27.5955
28.5314
28.3140
28.7876
28.8130
28.8774
29.1295
28.9537
28.0550
28.3769
27.6048
27.5266
27.7350
28.4687
28.8128
28.8248
27.6522
27.7195
27.5272
27.8174
27.9042
27.8975
27.8286
27.1375
27.3374
27.9849
28.4558
28.9185
28.7694
28.0523
27.6872
27.8805
27.6075
28.3204
27.9929
27.4597
28.3472
28.4591
28.2861
28.6457
28.6824
29.2312
27.9922
26.7122
26.7053
27.3001
27.6657
27.6418
28.0139
27.5665
27.3927
27.1298
27.9202
28.0525
27.9084
28.1288
28.5090
27.9573
28.6629
28.2338
28.3028
28.4137
28.3945
28.6079
28.9352
28.9099
29.1272
28.1433
27.9535
27.1749
27.4628
27.5186
27.6314
29.7574
29.7183
29.3599
29.2750
28.2587
28.0689
29.0154
28.8805
28.0314
28.2608
29.0615
28.8669
27.3423
28.1109
28.7764
28.8180
27.7294
27.8765
27.9690
28.7020
27.8495
27.4847
28.2257
28.1601
28.6659
28.6994
28.9542
28.4157
27.9474
27.8421
28.1003
27.9962
28.4627
27.8743
27.4350
27.8308
27.8883
28.4706
28.4885
28.9471
28.7725
29.1159
29.7910
29.0767
29.0202
28.7483
29.2454
28.2376
29.1086
29.4079
29.0391
28.2336
28.1097
28.6227
28.5648
28.4891
27.7557
27.2093
27.3778
26.9746
27.2536
28.6220
29.4478
28.9191
28.9803
28.6601
26.5990
28.6848
28.0614
28.3859
26.4538
24.1507
27.8173
28.3252
28.2820
28.4689
28.5754
28.3721
28.5897
28.7952
28.3900
28.2303
28.0743
28.4934
28.6006
28.2854
28.5175
27.6258
28.3686
28.0482
28.6630
27.3651
26.3573
26.8309
26.1413
25.9606
26.2527
25.9339
26.5478
27.2352
27.5407
28.2112
27.1465
27.1776
28.6257
28.4214
27.3633
27.4780
27.2652
27.8821
27.4610
27.8919
28.2555
27.9952
28.5662
29.1779
28.8540
28.0853
28.1036
28.0017
27.5856
28.1263
27.7796
27.6807
27.1608
26.8987
27.8099
28.2612
28.3248
28.8437
28.4680
27.6521
27.9438
28.5326
27.8595
28.6238
28.5808
28.1736
28.1165
29.1281
28.4424
28.6417
28.6352
28.9227
28.0965
28.2067
26.0698
26.1822
26.4056
27.8055
25.9331
26.5102
26.7984
27.2364
26.9820
27.6902
28.8075
28.3751
28.2526
28.0936
27.8119
27.4239
27.1177
28.4472
28.5853
27.9869
28.4395
27.4904
27.8975
27.3277
27.4224
27.3369
27.0538
28.4005
28.9226
28.8725
28.1902
28.2225
27.8067
26.4885
28.7018
28.2930
26.7592
28.2977
28.5539
28.9932
29.3969
28.5114
26.5573
27.1229
27.0304
27.4268
26.9806
26.9649
26.9049
26.0437
27.0538
28.4005
28.9226
28.8725
28.1902
28.2225
27.8067
26.4885
28.7018
28.2930
26.7592
28.2977
28.5539
28.9932
29.3969
28.5114
26.5573
27.1229
27.0304
27.4268
26.9806
26.9649
26.9049
26.0437
