132.9567
132.0181
133.5472
132.3747
134.8870
134.9917
134.6144
134.5450
132.7414
129.0475
132.7814
133.2898
133.6345
134.2771
134.0912
134.7363
133.7301
132.1601
133.4731
131.2963
130.6335
132.6838
132.0413
130.8765
132.3574
131.9151
134.0210
134.7709
134.3911
134.2942
135.0150
135.9507
135.5202
134.9012
136.3778
135.9993
146.6893
137.2202
135.3269
129.1478
134.5041
133.9089
136.3486
135.8571
135.3973
135.1091
133.5709
133.5847
135.0177
134.7313
135.6890
136.6042
136.3304
136.0798
136.7029
136.2961
137.9109
135.3848
121.8626
121.0768
128.7295
130.2163
138.6424
150.2685
143.8282
120.9759
142.2179
138.0444
141.8389
137.9133
101.3603
93.6400
95.5211
95.8796
93.5654
94.7050
96.9188
98.1652
98.7088
99.8204
81.0268
79.4909
77.1202
78.2078
76.5953
75.3354
75.8714
71.8415
65.1040
65.9061
62.7501
62.0885
68.7857
70.0992
69.3012
69.1246
69.1673
68.5688
65.6468
65.6911
66.4224
66.5358
66.8419
65.3120
63.4316
66.3677
65.7230
65.8962
61.9750
62.7420
62.9109
62.2163
60.3039
62.7396
63.2200
62.5068
61.5799
61.6928
61.2731
59.0322
57.5964
59.5885
61.4380
61.1003
61.1318
62.4516
62.5249
65.7029
70.0255
71.4551
68.2328
66.6809
68.1641
71.9290
73.6361
73.0129
88.3648
107.9401
113.4506
106.1318
118.4376
123.7689
133.3513
134.5088
137.3428
130.5836
127.8987
129.4917
133.2524
133.0939
127.6917
134.1095
136.5491
144.7160
148.2718
147.3813
147.1130
145.6833
145.3309
145.9401
141.7268
138.7749
136.8284
134.9838
146.3233
143.1056
148.3424
147.8268
145.7157
146.1673
147.5646
146.9202
148.8083
147.9756
148.9824
145.8565
145.1004
141.5449
145.2768
145.5895
147.1705
148.1553
147.7188
148.6389
146.1616
147.1743
147.9908
149.8976
148.4874
145.4830
148.4567
146.4291
142.0663
136.9245
142.0008
144.9254
145.3457
145.8862
147.5766
146.9398
145.5232
142.9849
135.5188
145.5885
138.4710
128.8842
124.5266
121.5380
121.6439
126.7535
138.1060
123.2442
120.6158
127.3437
119.1799
113.4999
113.9041
118.9673
111.8965
121.1554
120.8520
123.8608
124.5905
129.6367
135.5368
138.3264
134.3433
134.4185
139.0783
137.3747
135.9868
130.8778
114.9953
111.3367
128.0026
128.3299
134.0213
137.2680
134.1359
128.7032
126.4232
127.0633
131.4846
134.2956
132.4222
128.7435
128.0272
127.5068
125.0815
124.4679
125.8164
127.0389
132.6663
135.4595
134.5866
136.3588
136.8901
136.0388
139.3894
138.6895
136.7157
131.7666
132.6520
134.9172
131.8782
127.9659
133.6563
132.8499
135.0951
136.6046
135.0220
136.4348
136.0341
132.6661
131.3727
134.3331
131.5773
137.4341
130.0810
131.7327
130.6439
132.9865
132.7537
135.4971
137.5897
138.4102
135.9124
138.1202
136.5910
131.6695
136.3833
136.9957
135.5748
138.0532
136.9164
136.9791
134.3059
132.3716
132.6566
132.3998
132.1742
135.2260
132.5663
131.0140
128.3640
125.1045
124.8634
130.4266
128.4681
133.5928
135.3682
133.2269
132.9250
127.9865
132.4744
130.5191
133.6391
132.8257
132.9224
130.7763
127.6227
129.0893
129.7158
132.7881
131.6996
133.2369
133.7170
129.2343
132.8481
127.2569
132.1641
132.7719
131.4234
131.7038
126.9437
129.7741
133.6412
132.1783
133.5643
133.9093
131.6261
133.5922
132.8219
129.0758
127.1084
130.1995
126.9717
130.4662
131.2369
126.4816
131.4881
125.3402
130.2068
131.8498
133.3782
131.4541
132.8137
119.2668
127.2279
129.1064
127.2604
126.8702
126.3084
132.9797
130.4754
133.2318
132.7886
132.7952
132.3787
130.3372
132.9555
129.2121
133.3629
127.7713
133.4169
129.7005
133.2293
133.1136
130.9407
132.0464
131.9890
131.1321
124.9821
106.9645
109.0868
112.4721
114.8592
114.6532
118.3113
126.2252
114.9120
118.9971
124.6127
123.5250
125.5313
126.2494
116.6566
114.4884
125.8794
118.5944
116.7362
118.2439
115.0145
116.3955
115.3167
107.6586
107.2222
98.2042
103.7411
97.1240
110.6844
115.5490
113.6446
119.6769
117.3565
120.4766
110.8279
103.4118
115.1322
123.2948
113.8331
126.0525
118.0617
128.7133
120.6369
117.5455
130.9560
120.0729
112.6224
104.3296
116.1891
106.8495
97.5964
85.5848
85.1017
84.4909
83.4715
83.8278
82.2663
82.1289
81.6065
80.6689
80.8040
82.2144
82.6594
82.2580
82.3818
82.7721
81.5685
80.9073
82.8777
82.0961
82.9552
82.2100
81.9992
82.0170
79.3226
76.3031
80.0341
81.3559
81.9343
82.2153
81.2082
82.5533
82.4087
80.4513
82.8320
89.3189
90.1183
82.2626
84.4019
90.4362
91.7496
91.5736
84.6333
109.5808
122.9285
115.1161
128.3273
134.0670
141.1596
145.5740
149.3827
148.7835
147.6309
148.6279
140.1673
136.7396
130.4999
134.2249
135.4764
138.4136
132.5654
133.7092
138.9981
140.6918
136.9815
139.4424
135.3492
136.5689
137.6412
136.2275
137.3134
137.9666
137.3460
136.4010
137.9245
138.2182
137.9869
139.0202
138.6799
138.7795
136.6034
136.2148
136.8366
136.0026
132.7692
135.1386
134.0958
134.7912
134.4407
133.3086
133.2254
127.6882
130.1277
134.5297
136.4132
137.2090
134.6212
135.0419
128.6530
130.9774
131.3847
130.6226
128.1855
129.6398
123.9614
123.5291
126.6262
124.6293
129.8213
130.6531
130.1986
133.3224
128.6833
125.5755
135.2962
134.5922
134.1364
130.8844
135.9785
133.5274
132.0617
135.6722
133.1225
134.5146
131.5034
134.6540
133.9584
128.4827
134.7172
134.5703
133.6157
131.4476
136.2134
133.1931
135.7022
135.4048
137.0984
135.2661
134.4390
134.8094
134.1077
132.8862
134.2924
134.5380
132.6824
133.8732
131.7245
135.3735
131.8405
136.2598
136.1435
135.5946
136.9620
131.2931
133.9520
130.7023
136.5711
136.0108
131.4804
128.1519
126.5329
123.5170
119.6860
126.4451
130.9933
130.8638
130.8757
130.9369
129.5691
128.7441
130.7028
133.6743
132.0741
131.6712
134.4843
135.0762
133.5700
133.2967
134.5682
134.9731
135.2707
135.5319
134.8940
135.1732
135.1022
135.5919
133.9609
135.0296
130.9826
134.4424
134.8941
135.1935
134.4138
133.4494
133.7731
134.4899
134.4965
134.1792
134.8513
134.0320
133.0382
133.1392
131.5272
136.3816
137.0043
138.1477
137.5383
137.2726
134.8444
135.7718
133.6716
131.3206
133.5362
132.1977
132.2887
136.2899
136.4030
137.1104
135.1044
136.0850
136.5574
137.2305
137.0858
136.8654
136.6454
134.0819
133.1807
135.2510
132.8783
131.1277
135.7243
137.1923
135.5420
134.5996
135.2038
134.7574
116.1402
108.2820
134.8976
136.3509
135.6435
136.2919
134.5744
134.6259
134.7188
135.5848
131.0298
131.6129
129.5784
127.3255
126.8780
128.4369
127.9617
133.7323
129.0182
131.7084
128.9514
131.9556
129.3056
132.0748
131.8247
133.4698
134.1655
129.3316
129.0907
134.6507
131.9483
126.9964
131.4154
127.7026
126.2900
127.9398
125.5576
131.9301
133.6205
131.6607
135.7345
137.0878
138.9938
132.1697
134.4234
131.3720
131.9861
126.8381
127.5948
129.1737
127.1693
125.0928
129.3531
127.1822
125.4668
127.5369
124.8765
129.0653
126.7659
127.4619
129.1718
130.8192
131.2838
132.3133
129.2995
134.9965
132.2929
134.9743
135.0749
132.3612
131.0128
130.7198
127.6922
130.7209
130.7556
131.3884
129.2081
124.6623
129.6152
124.0709
128.2304
129.7945
127.2905
133.4416
130.7290
129.4715
134.7901
133.1449
136.4056
137.6484
134.9176
137.3288
136.6919
137.2654
135.4232
133.0093
133.0799
129.7415
135.7340
135.1116
136.2327
136.5540
135.9661
135.0519
136.0335
135.7880
134.3654
135.9646
130.5389
134.1747
135.7373
134.6977
137.0440
128.4670
121.3749
125.9751
125.7500
125.8818
128.1325
128.5737
130.9992
133.6164
134.4984
131.3740
127.8349
134.1908
132.8112
130.8994
131.7134
132.1045
134.2333
132.7078
133.6399
129.3644
125.5898
124.6602
131.0667
133.6959
132.9547
135.9306
134.2338
135.5820
135.3289
134.0813
134.2584
133.5127
135.3105
134.6405
136.2618
135.7163
134.6976
132.9149
133.2966
133.4924
134.2641
135.0872
136.1874
134.7514
131.0165
133.1067
130.6477
134.1283
136.1497
135.6510
134.9264
134.5116
134.4701
133.8458
135.1060
135.1584
133.5452
135.2558
134.3872
134.9442
135.8506
133.8727
131.0504
131.5044
134.2114
135.2973
134.7133
133.4844
129.0594
129.0625
132.7827
134.7503
129.0607
128.9335
133.7793
133.6645
134.0290
133.3238
134.8019
133.7486
134.3276
134.7360
134.3674
134.3323
133.9125
131.9452
134.4275
135.4682
135.4718
134.6868
134.2606
134.7177
131.7972
130.9962
128.3360
132.7550
135.1908
135.0310
135.4951
134.9778
130.1904
131.8167
133.5339
132.3661
132.6887
135.3285
132.0325
134.9062
134.8257
132.8256
134.3674
134.7319
134.1516
132.1528
132.4207
132.8764
133.6075
132.3161
134.0818
134.2448
135.4175
133.9379
132.2733
132.7085
130.8712
130.0239
129.0372
134.2421
134.0450
131.6078
133.8462
134.8227
134.4978
133.0614
134.7108
134.4038
135.4909
134.6556
133.9048
134.2368
134.4960
133.2479
134.0742
134.0728
135.9494
135.1422
128.0125
115.4947
124.9303
134.6972
131.0119
134.1865
128.8520
130.2353
131.2646
133.8158
134.5537
131.4776
132.6634
135.1541
113.9212
118.6614
132.6864
132.1838
132.3763
131.9655
131.0214
132.6473
133.0599
135.2268
135.2090
134.9331
133.2678
131.5037
134.7324
135.1360
132.8865
132.4607
131.6980
134.3762
134.8934
132.9715
133.3535
129.6934
123.9483
115.4306
111.2966
129.8251
135.2711
134.2022
135.5587
135.2300
135.6213
136.4197
136.3853
135.3573
134.9201
133.6167
135.5761
135.9745
135.1415
134.7714
135.0786
134.9029
134.0449
136.2963
132.6949
134.8670
134.2454
133.2805
134.4113
135.5363
135.2847
134.5143
133.9297
134.5174
127.2946
134.5266
133.8620
134.6703
135.5253
133.6431
133.0158
131.9697
133.0668
132.2674
132.1022
132.7201
133.4389
134.6288
134.8114
134.7938
134.6013
134.6012
132.7603
135.7581
133.8603
134.5064
134.4748
134.5042
135.5720
134.8975
135.6590
134.8693
135.0218
132.6398
134.6010
130.2218
135.7890
135.2599
134.3800
136.6863
136.2514
135.1319
135.6437
136.1319
137.0039
135.9053
131.2872
123.0093
121.2327
121.9826
131.6502
136.2117
135.7065
131.9515
130.9096
132.3793
136.0268
134.9774
135.1549
136.1067
134.8925
135.2485
136.5359
135.3709
134.4992
134.3653
136.7009
135.9231
135.9955
133.4168
136.0459
137.1186
136.7567
136.5153
135.8424
136.8631
124.7985
93.2480
90.3312
106.1818
122.7525
126.4562
127.8797
133.0216
135.4971
135.0013
133.5083
134.0381
135.4247
133.9171
133.3508
134.9532
136.8409
135.0851
127.4433
122.0854
121.1157
118.8141
119.0894
119.7337
119.5820
119.0209
119.5600
119.3191
114.9284
126.7704
134.8725
135.6373
136.3549
136.6067
134.7951
134.4269
131.9193
129.0200
122.1837
115.9748
117.0818
116.2512
113.9920
113.7047
116.6789
116.0404
117.6900
131.2325
128.9645
135.1897
134.8406
134.8721
129.4575
112.2870
108.7860
106.0825
108.8597
112.6453
113.9067
114.2958
116.6167
117.8529
115.9780
117.0519
121.5878
134.5753
132.2555
133.6243
135.3425
135.1415
135.6333
126.0634
95.3219
91.3997
104.5682
117.3629
135.1909
135.8079
133.7841
135.4820
135.3401
134.7544
134.5115
136.0511
133.9645
132.9977
134.0881
132.6623
133.2084
134.4505
131.0819
133.3212
134.3168
133.2634
134.3115
134.1299
134.1291
134.0446
132.5010
130.7293
132.6316
131.2133
131.5380
132.3770
133.7283
133.6172
132.4980
132.7033
132.4883
131.8917
131.8510
131.4088
132.6623
132.9719
133.5061
131.6157
129.4749
131.1585
131.9352
130.4736
131.8184
133.2428
132.9169
131.3906
132.0002
131.3159
131.1186
131.8294
132.5237
132.9083
132.3617
132.8679
132.9657
122.8938
131.6665
131.8577
131.8596
132.8541
133.9560
130.0045
132.0527
134.5674
133.9504
132.2664
133.9566
127.9746
131.3251
131.8996
133.6553
132.6651
132.0665
133.1765
133.7411
134.3015
129.8672
130.5306
129.8466
130.4468
129.6385
129.3725
131.2722
133.3033
134.5680
134.1167
131.2974
134.4145
133.9433
134.1188
134.8476
135.2837
134.5922
132.3080
132.8079
127.1836
131.2421
127.7036
133.6684
131.4797
131.8172
132.1165
131.5756
132.0684
131.1697
131.5006
132.6022
131.9623
133.5435
131.2913
133.8642
132.7509
132.4052
133.0342
134.7213
133.8994
134.5715
130.3774
133.0721
134.0158
134.5804
133.3071
134.5981
134.4492
132.8186
131.6251
133.3976
132.9492
132.1948
133.2356
134.4184
134.4118
134.2194
134.6959
133.2068
135.5164
133.1631
132.8917
136.3867
132.3619
133.7892
134.4161
135.6176
131.6843
131.9633
131.9746
134.6931
133.8946
132.7219
132.8716
134.2611
133.0361
132.2386
131.4344
133.3121
132.5678
131.5861
132.9290
134.8279
132.1994
128.5776
127.7583
130.9066
130.5668
131.2389
132.5243
131.5671
131.1293
130.0518
128.9805
131.1012
132.1632
131.2505
131.0042
131.4416
132.3477
130.4280
131.0996
130.8796
131.4572
128.3178
129.5052
131.1785
128.5700
126.6099
128.6479
130.4007
131.6527
132.4301
132.1949
132.4294
131.6615
127.6246
130.4618
131.5217
131.2538
131.1059
131.2488
132.2702
132.0700
131.2986
129.8131
130.8561
130.5820
128.0061
129.8098
130.5050
130.5156
127.7628
129.6312
129.4126
130.9191
131.2165
130.9575
131.6434
132.5871
129.6063
126.3455
129.1919
128.7304
129.1979
129.2849
128.4996
122.9281
126.0686
126.6862
127.1806
104.1015
100.5014
95.3322
92.9726
101.7751
104.5369
98.1283
98.3584
89.2310
103.8038
86.5201
116.7954
130.3671
130.3813
137.6221
143.0321
144.1494
142.1622
143.7202
143.8022
143.5876
141.4879
140.9447
134.8600
132.7033
132.5371
132.6563
132.4052
132.9219
133.1241
131.6527
130.6969
130.5839
129.5521
131.4845
132.1417
131.6395
127.2546
130.1598
131.1561
131.6334
132.1529
129.7445
129.4779
131.4893
131.1874
130.2770
131.6726
132.4546
130.6848
132.9368
132.9429
132.0044
131.3044
131.3129
132.7586
132.9290
132.6820
131.9758
129.8421
132.6751
131.6246
131.5392
132.9465
131.7339
133.0811
131.4428
118.8893
129.6065
127.4940
116.7045
102.6620
102.3726
116.2753
119.3574
128.2474
128.1710
124.3040
126.4107
130.9526
131.4796
132.2091
133.3220
133.0951
131.7075
133.0125
132.0899
133.9724
131.3160
131.2255
134.2760
133.1811
132.2201
129.9726
126.7919
129.0147
130.6812
131.7725
129.5376
128.1875
132.1223
130.3753
132.6291
132.4952
132.3119
132.3615
131.6517
131.5137
132.9360
130.2284
130.6537
133.7417
132.9940
132.6580
128.0511
132.5299
132.4775
132.7150
132.0913
130.2673
132.4728
131.9294
131.9757
130.8368
132.7940
131.3872
130.3716
132.9171
132.6386
132.5187
132.6312
131.5024
133.4824
128.9067
129.4611
132.2222
131.1846
131.9175
132.1885
131.5826
131.8072
130.6763
130.1016
128.8085
131.9681
131.9360
131.9963
132.2770
132.5309
131.4214
131.6693
133.0327
133.4170
132.7113
115.3613
126.7595
124.4311
129.8904
130.2709
129.7628
132.1149
130.9046
131.2598
130.8427
124.8041
130.5746
128.7330
130.7595
130.9406
131.8939
130.1816
132.3745
130.8411
130.2228
126.0897
124.3406
131.3212
132.0257
132.0859
132.0189
130.7781
130.6819
130.6512
132.6239
132.7737
131.7905
130.2059
131.0691
130.9616
118.6077
130.9281
129.4526
127.8822
130.7842
127.1784
132.2683
130.9266
125.7261
130.7506
131.8194
132.0362
131.9434
132.8954
132.6121
133.4266
126.6037
131.2301
133.3112
131.5481
129.8020
131.5556
130.9549
132.4712
129.8147
129.5147
130.0448
131.3787
128.1594
127.3516
130.3308
131.7280
130.4715
128.1655
131.4794
131.0986
131.0679
131.8434
128.3449
129.6844
129.7037
130.2480
132.0349
131.0737
130.3907
132.4054
131.4188
130.0353
128.8875
129.6654
131.5228
132.4223
129.4773
128.4604
114.5214
126.8103
119.2769
119.6347
121.7508
122.7433
121.5634
126.0524
130.1171
125.6989
129.5068
128.7303
132.1914
131.9814
129.9804
131.1534
129.4271
129.7042
129.5002
126.9699
129.8544
129.2256
130.4329
131.2800
130.6708
130.0676
127.7313
126.4876
127.0578
128.4150
127.7853
128.7910
129.0798
130.5063
130.9857
130.4796
132.3998
132.2758
130.4094
130.1358
131.8471
130.9919
129.9207
127.4827
129.2424
131.4284
127.7256
131.6403
131.0185
131.7716
129.5777
130.5626
132.7961
132.7928
131.1133
131.5384
132.6116
129.3913
130.0660
129.9361
131.7358
131.1687
130.0183
131.9506
131.6799
130.9659
129.2824
129.5025
131.4439
129.8891
125.5871
123.5548
129.8774
130.5728
128.0975
131.4740
131.5627
131.5239
132.5109
132.9976
132.4868
129.9022
128.0551
128.8393
127.7554
127.1948
122.2614
132.0783
131.0611
130.3289
129.6786
130.2223
131.5217
132.3951
130.7101
129.1619
129.3669
127.1520
128.7691
129.9675
129.2566
128.7887
128.1633
124.8688
125.1110
122.8099
127.4691
127.6179
131.8238
132.3360
131.7862
131.3724
132.4994
130.4678
128.8341
129.6339
131.0889
130.3859
131.1049
127.8741
130.1036
128.1560
126.3579
127.9265
131.6173
130.7451
130.3508
131.7196
131.3953
129.2526
130.5264
130.5276
131.5445
130.7486
127.3326
131.5631
130.8179
130.4801
129.4801
129.8841
131.9812
130.3226
131.4645
124.8889
121.3106
119.6660
117.2605
111.5273
117.0446
111.7714
117.5070
128.1291
131.0931
129.5415
128.9260
129.9356
129.6210
130.8690
127.4121
129.5798
131.7509
131.6206
130.1499
128.7089
131.0172
130.0120
123.7919
104.8565
110.2123
104.7724
113.0575
120.9469
124.1026
120.6127
120.9493
121.4789
124.9232
122.9071
120.5423
122.1517
122.9050
121.2835
120.8395
119.3621
121.2182
125.7191
129.6101
130.8262
130.4114
131.9862
129.8031
130.3425
132.9399
131.7919
129.7769
131.4856
131.9122
131.7092
130.7626
131.0733
131.3523
132.2943
132.1070
131.1072
128.8466
130.8402
132.6646
131.3128
132.2328
132.0380
129.8804
131.7752
131.6309
131.7491
132.3966
132.7900
130.0816
130.8391
131.2768
132.5221
131.5392
132.8106
130.1721
131.4552
133.7619
132.4255
131.5890
130.6931
129.6971
130.6208
132.1257
131.7420
131.7119
132.7169
130.7883
130.9035
132.3858
132.3172
132.1064
132.2305
130.6970
131.7869
129.3046
122.0565
120.3029
117.8302
117.4077
125.9867
132.4132
128.6846
102.0141
104.1134
96.9837
86.0642
82.8689
82.1632
81.8191
81.6389
80.3508
80.7962
81.6430
80.7099
77.1711
80.5822
78.3840
79.8133
76.8703
78.9063
81.0441
81.5663
78.5442
79.7605
80.8327
79.6758
79.9948
80.6367
79.6855
80.8312
80.8125
80.6366
80.6472
80.5744
80.3133
79.3889
80.7079
80.5429
77.5751
80.0160
80.8765
79.2310
79.2390
78.1618
75.5513
77.4587
78.6752
78.6678
78.6607
79.3000
76.8050
77.9293
79.1963
79.1896
79.7085
80.0275
78.5556
79.2151
80.9275
80.0805
78.7448
82.1840
78.8619
79.9088
80.4481
78.8216
79.1490
79.1230
78.1459
79.3155
80.0875
80.4860
80.2452
80.1889
74.9541
77.1036
80.1991
80.0490
81.4162
82.8841
85.3151
86.0742
98.1493
95.3603
97.3638
113.4708
116.7332
123.8035
138.7619
114.4527
104.0716
138.0367
136.1949
141.5457
144.6479
132.4319
114.9633
133.6626
135.9183
141.3513
141.9701
142.7975
140.4989
139.3263
137.9904
132.9073
133.6469
131.6427
132.0448
133.0244
132.9327
134.7856
136.0783
136.5318
137.3166
132.7032
129.8786
135.9506
137.1455
137.9235
136.9172
137.3812
133.8057
132.3098
137.0140
136.0649
133.9841
134.4272
135.0635
132.6015
134.9121
136.4671
136.7932
134.7482
135.8728
135.1567
136.5952
135.4540
135.0217
135.5994
135.2015
131.8733
134.3614
133.7257
135.0689
134.7613
132.0317
132.2948
134.5933
132.9959
134.6582
134.7298
134.4305
129.8145
125.2660
123.5956
122.0350
123.2779
123.9807
127.4158
132.5002
133.3657
131.6539
130.8674
130.3544
89.8449
91.9221
91.9959
76.5517
30.7117
30.6452
28.4308
30.6373
30.8511
30.7709
28.9100
30.3178
30.8940
30.8176
30.8456
30.6435
28.7192
30.2489
30.7237
30.5345
30.7188
30.6540
28.7705
29.9686
30.6233
30.6758
30.7931
30.5793
28.5809
30.1866
30.6105
30.3847
30.8820
40.2404
45.4676
50.2140
36.4553
43.7970
51.5299
55.1008
41.0981
75.6514
85.6885
86.3153
86.1253
87.4243
84.7408
84.1736
98.6817
94.3651
91.6315
87.5285
81.1078
70.3416
60.4936
59.6072
58.4388
57.3160
57.9332
57.2482
56.4944
57.0174
56.4937
55.8033
60.3126
58.5851
52.7696
52.5635
51.9735
50.4803
50.8428
32.0067
45.3266
45.3986
48.3726
47.2132
48.5611
47.5337
42.6932
47.3834
47.5742
49.4602
52.7734
53.1306
56.4335
55.9791
52.9427
53.6650
55.7070
66.1014
72.9159
79.8372
82.9297
87.3761
87.9033
89.8643
98.9125
104.3041
105.2221
100.3213
100.5644
100.1714
98.5682
98.6897
96.0329
98.6637
98.6979
98.5053
98.3102
98.2816
95.6905
97.9244
97.7938
98.2045
98.2910
97.9762
94.2770
97.1693
99.0034
102.5251
104.2397
101.5503
96.0043
96.9276
99.7165
105.3708
118.1259
122.3159
119.4538
119.3333
122.5982
122.6439
122.6444
123.1684
120.3344
120.8811
121.9551
122.4049
121.4589
122.7362
119.9758
122.5086
122.7639
122.8639
122.8134
122.1237
120.0081
122.2235
122.9616
122.5716
122.7131
123.1115
120.4762
122.7229
122.7128
122.6973
123.0655
123.3588
120.1722
122.5635
122.9339
123.2210
121.8821
122.8661
120.4176
122.5722
122.9503
123.0953
122.2374
123.0225
120.0953
123.1652
123.3221
124.4973
124.4220
124.7087
104.7269
113.6257
119.9120
124.3531
124.4619
124.5643
121.7938
124.1373
124.7190
125.3717
124.2085
124.3304
124.0917
126.4285
126.8077
127.4850
127.9315
122.0516
136.3879
137.9425
137.8545
136.0215
136.3271
135.5464
132.7550
133.4119
134.7811
136.8659
136.9642
134.0374
131.3583
135.8829
136.1281
134.1189
132.1120
131.9127
131.8774
134.7547
136.4536
135.2159
134.9282
133.7508
131.7620
133.3121
133.9771
134.0037
132.9304
134.9977
132.6822
136.5230
137.3471
137.5227
136.5192
135.2012
132.6816
134.1230
136.5069
136.8464
136.4377
132.8946
129.2652
124.8605
131.8683
131.7877
126.6444
126.4370
125.1796
130.4837
133.2442
133.8153
135.0370
134.1203
133.3689
134.8086
134.7435
130.2116
135.1030
134.7761
132.5846
133.3643
134.4664
134.0119
134.3831
135.9072
133.0274
135.0085
135.2032
134.8490
134.9111
134.1605
132.6684
130.3887
132.3651
134.7146
135.1689
136.0584
132.4300
134.2035
134.4269
134.9291
133.5172
134.2784
132.2001
133.3150
132.0038
134.4968
134.9253
134.6311
131.5056
132.3735
134.9013
139.8074
130.7906
133.5948
132.0602
134.0917
131.8465
132.3934
133.8018
133.3375
132.6107
134.7172
134.1737
134.4555
133.5086
133.6976
132.0782
132.8068
129.3422
129.1328
133.4298
123.7337
143.5544
125.8860
129.8618
126.6586
103.8954
121.9303
115.4873
116.6027
126.7233
128.1252
132.7686
133.0513
132.5388
134.7098
132.5545
134.3144
132.5322
132.0955
128.2374
129.0879
127.5806
130.6427
144.8056
128.8868
121.4318
140.5368
120.8630
131.4999
128.5627
128.2689
123.1552
124.0863
129.1546
127.5630
128.5857
127.2535
132.0342
132.6698
135.3178
112.6074
132.7569
133.0297
129.3101
132.2429
132.9057
132.2000
133.0837
132.9312
130.2525
133.3887
133.1722
135.2679
129.8654
132.3371
130.5252
131.7993
129.3148
134.5679
151.7269
127.0072
123.3882
132.4545
138.6911
129.1535
132.9633
133.1957
133.6110
134.8585
134.1799
134.6269
135.9103
136.2376
133.1703
130.2256
128.9096
117.8909
122.0531
123.4102
118.6629
125.7419
126.2502
128.2146
132.0795
130.0025
141.1805
125.9510
131.4497
135.7677
133.1571
127.3450
131.1314
131.5010
127.0305
125.5629
128.9219
134.1163
131.2010
124.2502
123.3482
133.1808
129.9573
129.0639
131.6137
133.7109
130.0739
124.0300
132.0995
132.2891
132.6159
135.2812
132.8791
134.8353
135.1607
136.7221
132.2672
132.0656
130.7107
131.9505
133.2200
135.3730
134.6777
134.2527
132.6104
135.8263
135.9361
136.1594
136.7840
134.1918
133.0980
130.8416
132.9618
135.2789
136.4578
133.4067
133.1352
133.9426
134.7320
130.8169
132.7239
135.7031
132.2202
136.0081
136.2069
135.5882
136.5665
135.6693
134.8019
135.8815
135.0750
134.6956
136.7224
135.3336
135.3600
135.6519
135.3454
135.0833
133.4744
135.6268
134.7740
135.1768
134.8112
135.8023
135.6493
135.7288
135.3632
136.2808
135.8772
136.7385
136.7230
135.0425
134.3414
136.5224
135.0388
136.6811
137.0641
136.8508
133.8201
133.8345
135.3208
134.4467
135.8852
136.4820
133.2828
136.9490
137.2975
136.8618
137.2026
136.8544
112.4976
120.6372
132.5535
136.7980
139.8642
131.4046
132.4690
139.8855
139.6845
135.9119
132.7781
131.8636
133.4160
141.1355
135.3261
133.8742
131.9222
134.8530
133.2932
135.8196
137.7803
140.6088
129.9206
136.4541
135.0798
131.7245
136.6333
139.1657
150.2216
152.2114
156.0174
141.8244
141.1336
135.3201
129.2053
122.0867
124.2983
128.6904
138.1503
135.8567
136.6271
136.5466
134.9367
136.6060
136.6361
137.6227
137.0557
135.6042
136.3794
131.6583
139.4141
152.2011
159.2718
147.2051
151.7884
147.8412
134.9277
144.4987
134.6696
125.7927
115.9700
122.4261
134.3818
131.2542
136.3700
128.2088
125.9802
131.4533
131.6146
138.8007
128.7936
131.6667
131.4607
132.2357
133.6879
137.1005
145.0353
137.0890
138.3671
131.8615
130.2427
128.1467
126.2652
120.5130
113.7409
122.1038
139.2170
138.5495
139.4682
108.1668
93.4284
99.8057
104.0713
105.3990
108.6027
110.8820
111.3719
115.3778
115.2835
106.4141
103.8602
131.0438
151.6145
149.5747
147.9151
148.9314
148.8789
147.9100
143.2442
144.2131
143.3668
153.0670
146.3858
134.7684
140.4971
136.4737
134.1532
133.1733
134.6431
133.6227
138.9134
139.3911
138.6294
94.5469
94.3630
90.2342
92.6206
98.2208
101.5619
104.1337
101.2295
94.9628
97.6654
90.6918
83.4885
84.5477
82.7036
79.9782
82.1761
83.5085
87.3104
87.4024
81.1275
76.6506
74.2360
76.7233
79.5728
86.6608
88.2239
89.0183
94.6153
97.2221
95.4885
93.2771
92.2561
86.1184
90.5435
104.7704
103.4858
120.0709
119.7338
128.8660
148.7432
143.4839
131.8728
145.7396
141.4304
143.5282
136.3922
136.3724
140.1655
141.6299
150.2667
140.4480
137.4886
141.9777
138.4325
134.3822
140.6637
142.2391
139.2101
142.5335
144.3540
139.7476
140.1594
141.7893
139.7534
141.3510
140.8154
140.9130
140.3492
139.2469
138.8044
141.2911
137.2370
135.6282
135.4277
120.9146
115.4782
126.3509
125.6869
129.1551
130.3874
132.6530
128.5878
126.6096
127.8232
124.9947
125.1853
126.4971
127.5279
129.4424
128.7905
124.4266
125.3344
126.9739
128.7348
127.9469
125.8588
121.4024
119.0141
115.8910
120.4421
119.0616
117.9798
115.5196
121.0974
121.9064
122.7870
127.2414
126.8273
126.9474
128.6510
129.3424
127.3926
130.1172
127.7669
128.2168
130.5434
131.0770
127.2083
121.8585
118.1207
119.0016
122.7201
119.9461
121.9029
123.9580
121.6320
123.4164
129.0457
131.1074
131.3319
131.8180
131.0223
129.8799
131.8424
132.4927
132.4131
130.4579
131.1888
132.7626
132.4642
133.4282
128.1119
124.0792
120.2948
121.9346
120.7359
123.6448
126.0216
131.9803
130.3846
130.8576
130.7931
130.9771
127.8470
129.5456
128.8409
130.0359
132.3671
131.8641
129.8539
131.0028
129.8234
130.3088
131.1102
130.3113
131.3886
131.4512
130.1331
130.5451
126.7530
130.4286
131.0682
135.7410
139.7249
137.7617
133.7804
131.2500
129.4818
128.2745
129.4149
130.3709
130.4582
130.8776
131.2215
130.7330
130.0689
130.3982
130.9202
130.9752
128.3031
129.7592
129.5329
128.7063
131.2060
130.5311
130.8776
137.1902
124.9287
130.5233
131.2924
130.1233
125.7896
131.3953
131.2456
130.9298
131.2950
123.8697
131.2787
131.5040
130.4713
130.5926
132.3253
128.4288
130.1724
125.5348
127.8961
129.1305
126.0649
139.3472
141.6893
142.5023
133.4897
110.1463
97.4489
129.1130
130.8779
129.3287
129.2274
129.9172
131.7950
131.3076
130.3173
131.4711
124.5328
119.8350
114.9799
111.0934
110.2818
110.8027
110.7385
124.4079
130.7302
131.1034
130.4265
131.6786
131.3354
131.5091
133.9901
134.9953
136.9861
136.3442
137.3602
132.0663
120.1265
82.3694
85.4825
122.1926
138.7774
122.8415
121.4742
125.7380
125.0034
126.5228
121.8588
116.1272
123.6177
125.6917
113.0010
122.1440
120.9245
122.8999
125.5311
116.0334
121.5272
122.2562
120.9304
118.6088
108.6705
120.9429
120.2734
119.7049
118.0032
118.2220
121.9973
119.0506
119.1910
117.0372
121.5938
124.5884
124.9377
126.2231
123.9784
122.3468
114.7579
106.3274
101.8476
99.1899
96.1740
92.0894
94.3825
95.5089
95.4402
94.3352
94.1889
95.2240
94.8609
94.5277
94.7692
95.3403
94.9284
92.4684
92.5418
93.3755
95.5151
93.5931
94.7587
96.0533
93.1982
95.2133
95.4477
95.5291
92.6394
95.1309
95.2984
94.7491
97.0165
101.2199
104.2134
105.1161
106.1294
106.4794
112.3199
115.1097
122.4408
123.7561
127.1762
128.5691
129.5809
131.5021
135.8309
135.1451
134.5201
134.8528
133.6917
135.1183
135.3186
129.9131
129.7846
131.9357
132.5050
131.6482
129.4335
132.5309
131.2662
132.0467
130.8898
130.3089
128.4410
127.7510
131.1228
131.5170
131.6612
132.4195
137.1982
135.5510
133.0467
138.7022
144.1260
147.1783
138.9072
138.0272
132.0691
131.7699
131.6287
131.0958
129.0858
130.9335
131.2420
129.9588
131.6497
130.3654
132.9585
132.3323
139.0052
145.7617
142.9462
136.5311
141.2046
140.2823
143.6964
145.6811
142.6579
141.8965
128.8849
122.5095
124.2346
127.0278
130.4105
129.7995
128.0580
116.7057
122.2861
121.2769
121.6736
123.1530
128.0239
126.4292
128.6359
136.7945
127.0276
129.7123
153.0185
143.1189
142.2773
144.7525
139.5122
141.8601
131.6510
128.1962
126.6365
128.4193
129.1084
132.9874
138.3653
144.6406
151.5117
143.5589
130.9773
132.1203
137.8800
133.6400
134.6019
139.9491
147.4852
155.9950
143.9858
150.4973
151.9214
142.8907
146.5250
148.2134
146.1808
141.8355
146.3563
149.9620
155.5132
152.1950
148.7695
153.4997
148.1596
145.0039
128.9739
126.9457
143.1631
157.6741
149.8734
139.9861
143.8075
150.0691
147.7137
145.7427
146.6880
138.7581
141.6486
143.4427
135.6678
134.0003
144.6025
143.6962
142.6633
137.7720
134.7022
132.8366
132.6069
139.0217
121.4112
124.6333
123.6211
136.9075
147.6511
138.4052
147.2180
132.6329
137.8665
150.5129
145.1962
138.1474
145.7213
142.6041
145.1202
140.3483
138.6861
138.9842
145.1740
143.8046
139.8035
141.6184
137.9018
139.4527
126.9457
134.3492
134.6237
150.0113
165.5985
146.6325
143.0431
145.6999
144.0515
142.4529
141.3074
134.1958
140.8939
140.3897
135.6805
142.5397
141.2399
149.2480
152.2284
145.3049
152.3064
148.2077
145.2563
145.8468
136.5596
157.0847
148.7940
143.0090
161.0872
153.0890
154.8257
148.8354
147.4512
143.2384
136.5028
133.1792
134.3660
130.7990
123.8082
116.0042
108.9751
117.7020
128.3349
136.6119
146.5848
146.0626
140.7937
140.3974
142.1324
157.9270
154.8167
139.0094
150.5934
149.5820
147.9707
143.0062
141.2550
138.2709
124.3019
132.3315
131.5190
134.0738
130.8603
122.7082
145.7288
152.4603
153.7073
147.9096
149.9304
151.6518
149.4589
146.9314
134.8349
132.1534
143.3401
154.2876
151.4441
143.2708
143.0515
135.2502
132.0257
126.2835
123.1651
122.4615
128.9027
129.8254
123.8580
133.2807
140.0085
147.8061
144.5804
147.4993
139.1608
143.9309
136.7305
136.3557
144.4277
152.8165
145.7676
142.6868
142.9882
134.9564
142.0668
142.5685
137.4290
138.5673
126.5322
129.1022
127.4767
129.2453
113.1386
129.2849
137.1752
142.9460
140.1681
134.6066
121.1858
136.4377
115.4596
127.8459
121.1895
124.5018
124.1006
125.0594
126.2315
123.7194
122.3770
129.0986
131.4845
130.4548
131.0268
127.4712
119.1235
119.3580
116.2655
115.4244
127.7894
123.8597
125.9061
126.1040
124.7074
124.4123
126.0463
126.3444
126.2419
133.4937
123.3222
120.7896
127.6101
123.6993
128.6213
132.3092
135.2840
143.2657
146.7450
144.4283
137.0993
138.5346
137.9170
129.5705
127.2318
128.3182
125.6483
129.4588
121.6427
128.5328
128.5417
125.7834
129.1062
121.6868
128.3383
139.9988
131.4897
141.4691
133.9294
135.6196
136.1299
132.7459
137.4148
138.4924
134.5469
135.8241
131.6847
132.2287
128.7775
135.5287
139.1948
145.2969
142.3209
143.9964
141.0014
145.8394
133.0204
136.6968
132.2935
134.2544
136.2160
144.5463
148.9635
145.0597
145.6326
142.5440
135.4043
136.2104
131.0339
140.5862
137.4084
134.7301
136.0144
142.5495
141.3000
143.8770
144.3381
141.5129
148.1647
150.8880
155.4108
164.8957
160.7164
148.5385
137.4924
146.7150
143.7907
143.0026
138.1117
142.1014
139.9374
128.0006
126.3598
131.3319
123.5885
126.1907
114.9858
120.1581
120.5363
112.4231
116.1864
116.2889
112.7862
112.9265
107.5633
114.1789
125.2713
129.7335
117.6868
124.3221
116.2193
103.8468
95.6114
91.9608
90.3570
91.7963
89.7671
97.5964
109.6955
107.5146
109.6706
109.2873
110.0594
110.8493
107.9634
112.4293
115.4726
114.9852
96.6188
103.2045
114.4629
116.6083
107.0590
110.0833
124.2319
116.9327
122.9902
115.2671
107.9337
114.1265
108.4833
120.2269
106.0746
113.5894
110.5194
117.8375
118.8875
118.2806
111.3280
114.4740
114.7684
110.9276
98.7133
100.8251
111.4708
117.1436
116.5115
109.2972
115.2268
118.1999
117.7578
119.4104
115.2075
110.8613
116.8364
117.1032
115.0226
118.1895
110.4937
120.2191
123.7423
114.0984
113.5962
113.9752
117.7134
111.5904
105.2001
100.0300
104.3688
103.9853
112.1642
111.5405
117.7536
115.9695
120.9084
119.4607
113.7119
113.9946
114.2621
113.3312
108.7153
109.5793
105.4068
105.7662
112.0814
109.0644
107.0818
100.6262
97.0983
101.0190
99.2894
100.9069
99.3656
108.3776
114.9253
115.6669
116.5259
112.2782
112.5508
119.1829
114.5135
112.9222
112.0723
113.7029
108.5559
80.2545
77.0588
75.6930
66.4236
70.8736
70.8665
74.9774
64.8274
69.3703
69.9656
70.7004
67.4705
69.9472
69.8567
73.4908
74.9601
82.5804
78.6349
74.6740
72.6199
69.6191
69.3659
71.1994
72.7761
69.8603
76.3293
68.5477
72.5830
66.4369
70.1194
68.2995
72.0720
74.0141
70.5601
76.1770
63.7921
67.6083
68.9961
71.0138
77.6314
79.4712
77.0324
65.1401
74.5749
74.8065
71.7166
72.4350
71.6835
71.3040
72.1962
71.8434
72.6040
71.9553
70.9061
69.8873
70.9945
70.5360
70.9236
75.1688
68.1746
73.0324
68.9228
70.9897
67.7815
76.5907
82.9124
85.3209
79.6663
84.5332
63.6979
66.3573
71.8510
75.8055
65.2817
65.6566
63.6615
54.2097
55.1526
54.4030
51.2168
49.9967
49.4314
51.1010
49.2003
51.5703
53.5981
47.8368
56.5540
39.4436
6.6357
6.6493
6.7561
6.7538
6.7697
6.8599
6.8546
6.8241
6.8037
6.7747
6.7949
6.7843
6.7942
6.7558
6.6585
6.5702
6.5280
6.4902
6.4144
6.3549
6.2826
6.1121
5.9842
5.9807
5.9697
7.5271
8.7622
7.7307
5.9366
5.9253
5.9172
5.9034
5.8972
5.8843
5.8699
5.8544
5.8502
5.8371
5.8234
8.7663
8.8066
8.5856
8.3253
8.0399
6.4236
5.7534
5.7352
5.7253
5.7181
5.7071
5.7138
5.7011
5.7004
5.6876
5.6861
5.6717
5.6620
5.6519
5.6425
5.6284
5.6210
5.6010
5.5901
5.5794
5.5730
5.5590
5.5453
5.5396
5.5144
5.5057
5.4975
5.4891
5.4810
5.4673
5.4683
5.4642
5.4530
5.4454
5.4586
5.4319
5.4217
5.4069
5.4049
5.4064
5.3804
5.3662
5.3517
5.3384
5.3298
5.3195
5.3089
5.3013
5.2921
5.2790
5.2677
5.2578
5.2412
5.2501
5.2368
5.2293
5.2233
5.2152
5.1986
5.1976
5.2667
5.3104
5.3561
5.3278
5.2730
5.2238
5.2042
5.1879
5.1620
5.1593
5.1646
5.1471
5.1848
5.2168
5.1831
5.1467
5.0196
5.0056
4.9974
4.9832
4.9761
4.9688
4.9408
4.9320
4.9188
4.9133
4.9925
5.0079
5.0253
5.0382
5.0345
5.0027
4.9275
4.9066
4.9545
4.9558
4.9305
4.8987
4.8323
4.7935
4.7781
4.7457
4.7433
4.8134
4.9476
4.9367
4.8733
4.8687
4.9309
4.9069
4.9145
4.8929
4.8885
4.8246
4.8438
4.8276
4.8775
4.8835
4.8460
4.7831
4.8076
5.2453
4.8779
4.8720
4.8809
4.9227
4.9577
4.9919
5.0206
5.0469
5.1137
5.0493
5.1136
5.1065
5.1394
5.1764
5.1126
5.1279
4.9965
5.0595
5.0447
4.9873
4.9477
5.0685
5.0065
4.9631
5.0041
19.3666
51.0136
45.3404
45.3112
43.2441
42.7323
42.9136
21.9521
38.7617
42.8362
49.1455
54.8683
53.2854
51.4769
53.0349
56.0744
52.1787
51.9660
50.7754
50.2590
44.7548
42.9707
44.1960
43.3838
46.9200
45.8444
44.9500
43.9316
44.1434
44.2351
53.4860
57.8547
52.9759
48.9910
51.3229
49.9520
58.1686
62.4798
58.5984
61.9979
61.0035
53.7263
51.0577
50.7096
51.7105
55.8914
53.5978
56.7986
57.2700
56.4619
57.6284
58.7494
56.9104
58.2638
58.8651
60.5803
59.5452
60.8401
59.1729
59.4590
58.1070
56.0249
57.1447
53.8653
57.1363
57.2350
64.7526
60.9971
61.0734
57.4784
57.4396
58.7673
61.5862
61.2073
60.3947
58.4197
56.3656
60.2485
65.1877
65.1578
66.3328
64.2539
62.3632
63.6304
60.8726
60.7140
60.1635
58.3635
55.9367
57.9733
64.3878
60.6321
62.6786
63.3960
58.1969
56.1032
58.0836
58.7985
64.9891
61.6985
61.2103
58.6513
61.9248
60.7418
60.5714
60.1272
59.2446
64.2792
63.5539
63.3127
62.4040
61.1108
57.5446
55.3136
50.7883
51.5332
57.2140
49.6415
52.3072
52.6413
55.0999
51.1785
59.2592
57.1285
56.0037
60.4021
59.0871
59.5103
56.5120
56.1884
61.1750
65.9123
56.6732
51.2789
55.3486
54.8128
49.5156
51.5479
53.7901
52.9579
53.1933
52.4094
52.2805
45.2573
51.5008
52.7946
52.3934
53.1086
52.7191
53.3184
53.8639
53.1448
53.8155
53.4499
56.4347
52.3767
54.7610
54.6635
54.0847
52.8708
53.3272
50.9626
54.3007
54.6818
53.5410
55.9297
49.8116
54.8566
55.3774
58.2198
62.7697
63.0378
57.5481
60.0019
59.1707
56.4981
57.2703
59.9844
64.4692
70.9104
73.9729
69.6892
70.6778
70.6730
69.6335
64.2668
59.7906
53.5079
61.4947
66.5698
68.4743
68.9198
65.9771
65.9459
69.1746
69.9469
65.3199
62.4031
61.0002
56.8933
54.9481
57.1496
64.2897
72.1520
73.3976
74.7888
68.5809
74.9753
68.5327
63.8687
61.9114
64.5629
72.0806
75.1517
75.3454
76.7135
75.3017
74.6588
76.8925
76.2166
77.5159
81.9742
79.1074
75.8596
78.6813
75.9917
86.8363
92.1639
94.6806
93.7753
90.3303
79.7309
77.3669
77.0934
74.3664
76.6567
83.0742
89.4070
93.0223
96.2148
103.0592
100.1787
102.8838
107.0656
106.6364
104.8829
105.8389
105.4521
105.8009
106.9638
104.2129
104.0022
104.4745
105.0743
104.7914
103.2525
102.9406
103.3588
100.6284
103.2549
104.0874
103.9000
106.8005
93.5127
67.0529
72.9379
77.3816
92.0595
97.4460
100.5929
100.5007
99.8561
98.2061
99.3550
104.9630
106.7033
106.3918
103.1790
99.1973
103.2521
98.7600
90.6484
98.4712
105.9185
112.9463
112.4010
108.0317
108.1575
103.6880
97.9396
98.8129
101.9392
99.9429
100.4570
100.0438
98.4588
96.3232
92.6543
97.4716
99.5734
100.7675
101.3538
99.3283
97.3113
95.8946
87.5938
90.4264
92.2998
98.8003
100.6400
92.6601
94.7579
87.6186
92.9736
101.8398
105.9655
107.8269
105.7982
101.4031
95.3956
109.8167
111.3309
111.1556
117.3271
112.9900
109.8831
106.6857
112.2720
107.0363
96.7198
99.6040
101.0410
100.1164
102.7930
102.0388
99.9463
98.8949
99.0339
95.3642
92.6130
97.7427
100.5876
102.7123
102.7705
100.5313
104.3856
105.9256
108.6795
107.6074
107.0282
104.8747
105.7740
106.0296
98.3635
96.1073
77.4102
73.8741
76.5501
76.5333
82.6155
84.8316
88.1652
90.6470
92.5830
96.0644
94.0854
93.4093
82.9897
85.2493
90.1059
92.8456
97.7249
98.1335
94.8778
94.7701
94.5632
92.1775
88.6615
87.9074
96.7950
99.2937
94.7293
95.9335
92.4939
92.5249
88.4600
92.1548
93.6283
93.8863
94.6389
96.1864
95.6759
90.0447
94.4152
96.1955
98.9574
99.1436
101.2672
101.8817
103.3048
101.1647
97.3260
97.9905
97.4048
94.6161
100.3508
98.5504
100.4583
97.4182
96.9067
95.1654
101.0525
103.2291
105.0438
104.5856
103.8736
105.1036
103.9761
104.5194
107.6330
106.2422
105.8302
106.5530
111.3155
113.8028
109.7507
110.8558
110.6177
107.9881
107.6034
113.7010
112.7963
114.1427
112.4588
111.8926
112.8823
111.1637
112.0723
116.0596
111.7904
118.2270
115.7728
118.5119
119.2067
116.9300
115.6386
114.8493
110.6607
112.7399
105.2482
102.5397
115.4183
120.1565
114.9904
110.8402
108.1531
112.0549
108.3588
110.0464
108.4264
106.1365
104.5443
111.7771
111.6663
109.8055
108.0144
115.8901
118.0981
117.8045
115.4109
114.1803
115.1236
113.7164
103.8376
102.3407
112.8407
115.5205
112.0361
113.8373
113.2334
103.5632
97.3043
101.7657
107.8914
106.5851
102.4068
88.8062
84.4986
80.1683
79.9053
84.3098
87.4396
86.9315
85.9019
82.8488
84.2558
84.5787
78.9332
72.6056
82.2222
86.7691
88.5536
72.4559
67.3304
64.4571
83.0095
77.7028
67.0803
70.0425
76.3299
76.6558
77.7325
77.0693
77.1932
86.6451
93.5049
93.6445
90.2475
89.0741
89.2750
88.4585
82.7135
81.9980
90.3481
97.2282
100.7483
103.7142
112.4623
111.9185
108.9429
110.7508
108.7486
111.7344
112.3611
113.8282
115.4349
112.4191
114.4285
116.8119
117.2040
116.7518
117.4435
116.2549
111.6205
114.0195
111.0900
105.3742
115.0312
119.7325
115.6916
111.9016
113.4619
117.4846
113.6612
115.0309
117.1853
118.3086
119.5132
119.1434
117.6166
115.7297
115.0868
117.6847
117.3488
119.0119
120.6329
120.6933
118.3458
119.0882
117.5766
116.2978
111.8918
114.6596
117.8045
121.9258
123.3430
122.5648
121.0547
120.7825
120.4014
119.8391
119.2435
120.4145
119.6272
120.6091
120.0556
120.0297
120.0675
119.9283
120.2905
119.5457
115.2927
115.8404
115.8562
118.6335
116.8188
118.2098
119.2198
114.2708
120.0428
112.1242
127.0689
121.9443
119.4058
120.1817
123.3307
123.1768
117.1846
118.8270
118.6091
122.0809
122.1799
121.5114
122.1079
122.3537
125.5750
122.1958
113.0408
119.1440
119.0928
125.2075
121.0303
122.8456
124.0312
120.9848
122.9016
122.0289
115.6468
114.5746
114.2563
113.3403
109.8546
114.0437
112.3003
111.8691
113.2037
115.9067
121.2372
120.9575
119.3149
116.9786
109.1179
116.6451
118.2784
124.0984
120.5391
122.0855
120.4872
120.9707
119.1562
121.5553
116.8048
116.3041
116.8429
117.9322
115.4288
117.0957
118.8558
120.3233
123.1657
122.2143
117.9283
117.2573
117.7860
120.8069
118.2957
112.8006
113.0979
124.4672
116.3451
119.3345
121.8895
120.8842
122.2690
120.8352
116.1683
119.2983
118.5567
119.0384
119.9980
122.1921
123.8213
128.0854
123.4426
125.8690
125.0786
124.3886
123.1438
121.3963
117.1632
119.8421
125.1095
125.4229
126.1450
121.6664
116.7030
131.2243
121.5564
128.0173
122.6137
120.6336
124.7768
122.6736
124.5877
120.0805
120.1737
123.8054
130.5897
126.0900
125.2548
124.5739
126.6938
126.6135
119.9858
119.6559
127.2242
129.2262
127.1950
125.9686
121.6049
126.0029
122.7959
123.0180
121.2238
121.3195
120.3862
121.9927
114.6452
124.9151
125.4863
125.3788
127.9077
125.5116
124.5027
123.8764
122.7591
126.2698
121.5550
118.4977
120.3996
114.9191
115.3610
120.4263
119.2173
118.5702
118.9438
120.9128
118.8924
117.8697
118.7072
120.2769
118.3002
121.0779
121.8637
122.2366
122.9407
120.7836
120.8909
120.7120
121.7605
122.4175
120.3380
119.8040
110.4555
113.8556
116.9319
116.2474
116.5645
115.6431
116.0864
115.7374
113.5663
110.8309
110.7714
109.7834
113.3710
112.7834
114.7052
116.9170
120.0126
122.1492
117.1416
118.6770
117.9688
119.3274
112.1432
104.5526
97.9584
96.1881
81.9183
81.6972
81.2650
94.1536
119.4269
122.9820
115.9342
113.9064
115.5351
122.0678
117.3994
120.1031
123.5094
125.1436
123.0774
118.7792
121.8264
121.0331
120.1580
119.4746
113.3454
114.7015
115.0071
117.8734
113.3461
111.9191
118.2347
115.8378
118.0676
118.0573
114.0905
116.3367
114.9686
115.1889
116.7762
116.7344
118.5347
120.6090
118.3337
121.5107
120.2613
118.8130
118.8965
117.8794
111.3672
114.2406
111.8295
119.3664
118.4031
114.6861
118.6114
118.3697
120.7443
119.0165
123.9060
124.0708
118.2335
117.6480
122.7561
121.1593
123.2991
121.7681
123.8251
123.3894
122.3195
120.4711
121.5066
118.4581
114.4257
115.6191
119.3392
121.8604
123.2554
120.5504
123.5188
121.4389
122.1752
121.5144
117.7808
116.4504
124.4072
123.9151
121.4843
121.9222
121.3501
122.7114
122.8459
110.3007
114.5881
120.3102
121.1861
118.9285
121.1596
116.2202
121.5741
125.3148
125.6794
121.1194
122.4434
121.8179
124.4835
121.5079
123.6931
119.5110
118.0578
118.4956
117.8304
117.2036
118.3282
120.9969
121.3202
124.1889
123.5851
121.9305
119.8546
117.0396
113.2465
118.2817
116.0154
109.7269
119.3701
118.7945
121.2500
122.5895
119.9057
116.3591
123.4918
122.7365
122.3934
121.3461
123.4598
125.5900
125.1038
126.1184
124.9928
123.5886
122.0654
124.6184
120.3415
122.3320
117.8316
119.7472
115.9572
120.9465
118.2876
120.8270
121.9138
118.8266
119.8126
121.5822
125.0330
123.1787
121.9498
122.9999
122.1439
119.3141
124.6304
126.1491
125.2036
127.4221
122.8474
123.5727
123.8516
121.8083
115.1735
118.4170
117.8968
123.3260
120.5156
122.9803
121.4742
121.6071
123.2696
122.7645
125.1148
122.1006
122.5460
120.5067
123.1294
122.7773
119.2673
124.3670
125.1200
122.2577
122.8472
120.3243
123.3906
122.9059
116.6279
120.9333
119.8987
124.8537
123.0163
126.9822
123.2795
122.7798
123.9344
122.8534
117.6185
124.4684
122.4992
123.0855
116.2646
122.9060
119.5772
124.3533
126.9672
123.8381
123.0050
122.3427
121.8233
122.7597
119.4395
124.1348
121.3763
122.3689
125.0347
125.8496
128.2379
125.1271
124.1076
124.0878
114.9580
120.2866
126.6526
122.6492
123.0141
117.9852
125.0269
124.7090
125.0651
123.7527
121.7367
121.8242
126.4265
116.1640
118.7615
122.3775
125.4783
125.5315
125.1501
125.8593
124.3406
125.1634
123.5654
124.6004
123.3517
124.6393
119.5031
106.4959
124.7590
125.0368
121.0468
123.0774
124.3200
123.0072
122.5623
123.0019
122.0493
119.9973
112.9783
121.2975
120.2941
128.2666
122.6584
118.9747
125.5015
119.1525
124.0017
121.3080
118.4270
118.3998
120.4678
121.5071
119.0760
118.4608
119.6532
122.6738
127.5458
125.0377
126.7459
125.4457
123.6074
121.3675
119.6934
121.1437
108.8764
109.9543
125.4559
123.1838
124.6239
112.4639
116.7802
126.2315
120.2967
126.3273
122.7315
118.7364
121.0585
121.7290
117.8464
124.4919
122.8203
123.3740
123.3128
121.8471
121.5483
120.9757
120.7926
127.2991
124.9044
125.4635
121.7075
121.7067
122.3547
122.0144
122.0333
122.7819
123.4874
120.6845
120.5596
120.0263
119.0089
119.6704
120.9836
121.7691
123.3768
122.5279
123.2268
121.3984
119.3092
120.9505
118.7249
119.4760
116.5414
121.9191
119.5559
117.7252
119.5411
121.8915
117.5422
111.2884
106.5040
104.2475
103.0401
105.4698
106.7855
98.9688
108.5483
110.3787
111.2171
108.8600
108.7457
107.9324
108.5050
106.5306
102.3435
101.6200
103.0030
111.0981
97.6283
86.0125
110.7601
115.3921
119.1547
119.7527
119.2809
119.2559
109.4560
103.7504
109.1852
106.9034
110.2023
113.8417
117.6862
118.0851
113.0822
113.6532
111.6638
111.1065
104.0118
107.7336
112.4140
113.1422
112.7354
114.5168
116.1668
107.0847
115.6037
111.3801
113.6012
112.2988
108.7304
109.8582
112.9492
109.6196
109.3877
113.7338
114.8851
115.1005
115.5886
112.3965
114.4336
111.5752
104.3615
110.1812
106.8584
109.2814
103.0179
100.8495
100.6286
109.2020
118.4707
114.8070
111.6527
109.7806
105.3803
101.1543
82.2929
73.6632
70.2055
74.3427
75.9124
76.5705
71.9697
74.5123
76.3014
69.9603
61.7367
67.7196
71.4397
72.6207
71.7209
71.4408
72.7323
72.6667
74.3194
71.4110
71.9225
72.0661
70.6316
72.1985
72.5534
75.8934
78.0369
77.6814
83.4895
88.3107
97.5058
105.1098
107.6442
109.8926
102.0184
106.5047
107.1074
109.9180
112.8703
111.8257
108.4498
108.8182
107.7192
108.1344
106.3007
106.5587
106.0266
106.8572
108.3608
107.1666
107.9909
109.9230
110.1963
110.9749
110.4834
110.5205
111.1244
110.2082
107.9732
108.7508
104.8864
108.6440
108.3712
107.9231
106.8667
110.6974
111.0319
108.2564
106.4433
111.9537
107.6550
107.0766
105.4577
108.2207
108.0182
112.4080
114.1059
110.9130
110.0616
109.3000
102.8888
101.1941
95.2650
97.7958
105.7460
109.7393
105.5035
108.5891
105.0000
105.9171
105.4770
95.4155
80.6214
74.6637
81.7894
86.7540
83.6663
74.6024
59.1648
54.8865
55.8482
55.4896
73.7980
99.1512
117.6937
118.2763
102.1898
97.0572
100.3299
103.0954
94.8010
91.6505
93.4471
106.2054
110.5618
110.6901
105.9014
105.5260
106.1978
106.1115
108.9169
106.8192
106.2437
111.9942
111.5430
110.3055
108.6777
107.6805
107.7690
107.1005
100.5311
102.0373
110.1337
112.4789
107.4306
109.2458
108.6870
106.4675
105.2652
109.1112
106.4169
106.3060
109.0925
106.1810
100.4737
105.6821
113.5003
110.7442
115.1008
111.0258
109.5328
115.8020
113.3860
108.1199
117.8894
121.0988
122.9238
127.3126
124.3626
125.0962
118.2794
115.8599
115.4531
113.4333
111.7184
118.8181
119.4778
122.0938
121.2473
120.2764
119.8198
123.9537
121.7067
122.4368
122.9588
125.0575
122.4869
122.0065
116.4325
116.1013
117.2551
121.5853
121.5158
119.4377
118.5292
110.6214
108.3092
112.0524
116.9462
117.5353
117.5335
116.9575
116.4376
115.7520
117.0116
118.0233
122.1365
123.0400
121.4379
119.4991
119.2383
117.5080
112.5032
121.1232
125.0290
106.9857
111.1485
110.4962
112.4605
113.1565
121.7658
129.7047
120.7716
113.3449
126.5083
116.3354
122.3274
120.1278
122.0578
123.3369
123.7566
121.4694
122.0663
122.1055
120.2638
119.6644
119.2784
123.5596
122.0030
120.1657
125.8349
123.6282
126.1000
120.1399
123.9672
121.3950
125.1201
123.5341
114.4339
105.3374
75.4155
62.5671
63.3518
63.1450
65.0024
72.1456
73.2898
73.4122
65.3675
60.4616
59.2335
57.0075
56.1934
53.9496
54.9651
53.7998
52.5553
51.8381
47.4080
48.6239
54.6008
55.0978
53.8490
51.6846
51.8843
54.6694
52.7613
51.6234
55.2149
58.3184
61.5731
62.0645
63.9535
62.2107
55.7207
53.6140
53.7946
59.1295
52.7519
54.2708
53.7953
53.4197
52.5922
54.9078
55.8550
54.3821
53.9670
55.0809
54.6385
51.5491
50.8382
54.3063
53.5269
54.4359
54.3732
57.3607
57.5609
54.8511
52.6218
52.1248
53.0808
55.5292
55.5045
55.8556
58.2125
54.4270
50.3508
46.8283
51.5066
49.0174
47.6494
49.2602
49.6549
49.1718
49.3936
49.8704
53.2599
57.1290
56.4212
54.1174
52.2374
53.6886
51.7254
53.4208
52.2265
55.1583
54.5061
54.6893
51.4289
51.6025
50.5812
50.3103
51.6326
53.3316
52.6480
54.1149
50.9663
49.3863
50.9525
53.0414
54.4618
58.4801
57.0832
57.7085
59.1560
60.0446
53.3441
30.3105
31.7544
25.1134
25.0358
24.9798
24.7767
24.5415
24.2228
30.1479
36.9064
41.9158
45.2029
47.1504
47.6100
47.4293
47.8966
48.2393
50.2643
44.9796
39.2455
44.2310
41.7362
49.3378
45.7228
48.7284
48.8730
43.8540
49.7598
55.1461
54.2306
54.1364
55.1355
56.5311
58.1586
57.6533
58.4019
54.4323
53.8196
53.6931
54.9678
57.3081
60.8765
63.0487
66.1826
69.9134
70.8031
71.0872
67.1291
59.7019
52.6552
51.9508
51.0058
55.8758
59.7595
56.9543
54.8482
55.8487
56.4022
55.0549
53.6308
53.8836
51.6342
50.1011
56.0377
47.8190
34.1185
48.3477
59.5970
63.5001
63.4174
61.3148
55.8608
54.5657
56.5762
56.6502
57.1260
61.4350
62.5141
63.0972
63.3094
64.9423
59.4657
55.9505
54.5467
49.4379
52.4335
51.5589
52.7625
53.2731
56.6828
57.7900
57.7900
57.7900
57.7900
57.7900
57.7900
57.7900
57.7900
57.7900
57.7900
57.7900
57.7900
57.7900
57.7900
57.7900
57.7900
57.7900
57.7900
57.7900
57.7900
57.7900
57.7900
57.7900
57.7900
57.7900
57.7900
57.7900
57.7900
57.7900
57.7900
57.7900
57.7900
57.7900
57.7900
57.7900
57.7900
57.7900
57.7900
57.7900
57.7900
57.7900
57.7900
57.7900
57.7900
57.7900
57.7900
57.7900
57.7900
57.7900
57.7900
57.7900
57.7900
57.7900
57.7900
57.7900
57.7900
57.7900
57.7702
9.4013
9.2668
9.1323
8.9978
8.8633
56.0988
56.1696
56.5806
54.8088
55.2819
55.3889
55.2842
55.2435
55.2188
55.0813
54.8960
54.7026
54.6251
54.6388
54.5806
54.2744
52.9794
54.1057
53.9644
53.7092
53.6314
53.4062
53.3101
53.0119
53.2454
5.3665
5.2320
5.0975
51.5995
52.4667
52.5228
52.4812
52.2890
52.2728
52.6371
52.3859
53.1950
53.3294
54.0832
52.4697
50.3321
51.2038
48.7608
52.4565
52.4624
52.8265
52.1830
51.3417
51.0672
50.5987
49.4189
49.6222
49.4048
48.3716
48.9341
49.0278
49.1694
50.2583
51.5872
51.9683
52.9025
53.1995
53.7878
54.0036
52.1370
52.5119
53.0132
53.0072
53.2209
52.5782
52.2816
51.1834
51.0132
50.2538
50.1819
49.2855
47.8832
48.1071
49.3678
49.2923
50.0947
50.3828
50.7117
51.5388
49.8181
50.9356
52.3808
48.0963
52.6130
48.9053
49.3200
53.6848
52.8224
52.1500
50.2521
49.0031
49.1604
41.6468
48.5025
49.6381
48.8760
47.2217
49.6564
49.2916
49.4994
50.8037
51.6688
50.0838
47.5172
35.3849
35.7733
37.5928
35.9077
34.3579
33.6772
32.8403
37.9322
44.6308
44.1697
46.0019
47.8432
48.0513
47.9643
48.0671
47.3368
48.2168
48.5744
48.0845
48.2027
48.4797
48.5740
49.4941
49.4272
50.3344
50.8119
49.0790
49.1078
51.0449
51.7392
51.2438
50.3909
51.5628
51.9774
52.0005
51.2172
51.2705
51.1620
50.2807
49.1817
50.1513
51.6666
51.9033
51.7804
53.1022
53.5029
53.3260
51.9600
50.8325
50.0887
48.9194
47.9926
45.5188
43.9777
43.4074
44.4996
47.8256
48.0660
48.1055
48.0688
48.8725
47.9752
47.5067
48.2629
48.1534
48.2416
48.2864
46.1515
47.0015
50.3433
48.6128
49.4203
51.1655
50.4295
49.9566
48.8539
51.1782
51.5398
50.6182
49.0762
49.0120
48.4548
48.4366
48.3748
48.3791
48.5121
48.3523
48.2356
48.1295
48.3510
48.3577
49.1665
49.6057
49.6806
49.7308
49.7758
50.2041
49.4622
48.5507
49.6953
49.2560
49.2390
48.2844
49.2578
48.4594
48.3795
48.2727
48.3778
48.3364
48.2631
48.3089
47.3358
48.4326
48.2700
48.5602
48.1390
48.1309
48.2381
48.2428
48.2981
48.3057
48.4927
48.4052
48.3345
49.1312
47.8604
48.1072
48.5510
48.5061
48.4925
48.3416
48.7424
48.8894
49.3265
49.0542
48.6584
48.2334
47.8932
49.6188
49.1425
49.0694
52.5576
68.1009
71.2715
72.1973
69.9642
70.3892
71.3312
67.2630
70.8859
62.0267
61.5219
65.6662
71.2239
62.2880
41.8647
52.9098
48.4380
58.2335
72.1937
71.7164
74.0094
73.9055
83.2053
90.0520
94.8668
94.8040
97.4163
98.3577
91.3004
71.6762
75.7968
84.5493
78.5808
87.8050
98.1787
115.9772
114.4097
110.1634
109.0998
110.8108
108.7892
114.6739
124.5349
122.2486
108.1851
114.8219
120.5867
111.9261
113.9676
107.7244
110.5310
107.6840
102.7975
110.4341
117.0313
125.3043
98.8492
110.9140
111.8152
122.3942
121.3093
123.1084
121.4930
118.8362
116.3983
120.5051
118.8247
120.1426
124.3140
126.8816
130.6012
127.5704
129.4848
125.2876
127.8161
125.2763
118.1048
113.1832
112.1010
120.0744
125.8487
132.0262
127.5592
125.0687
126.8748
122.7495
123.8033
123.8542
123.4546
122.8910
115.2534
120.5135
122.4536
130.0868
134.1369
130.7286
130.5784
126.1447
126.2148
121.4443
113.1201
121.1352
125.9353
131.2417
125.9534
123.5881
122.8458
122.1145
125.1530
117.4900
119.7916
120.4590
120.4216
120.8257
118.8095
116.8408
123.0867
121.3587
120.6646
117.4398
117.4321
113.8176
112.4079
110.7231
107.0291
111.2896
111.4439
111.3456
109.2796
117.3807
117.3131
116.2428
118.0720
114.0735
114.3586
113.4549
114.3917
108.7451
103.2542
104.6636
108.7099
111.3343
112.9706
114.1158
114.7627
111.8945
113.4804
108.9371
105.9037
112.0951
110.3797
114.5603
114.2978
113.2925
112.9807
113.8667
114.3281
113.3753
112.3642
111.8241
106.2127
111.2660
108.1163
109.8298
113.0474
115.1794
116.7682
114.4934
115.4436
115.2083
116.4083
115.3251
104.2057
105.4051
107.4546
119.0336
113.5998
111.6331
110.3970
109.7966
106.6738
125.3882
109.7557
110.2872
110.6545
108.2989
111.7812
109.7086
114.6789
113.8195
109.7207
114.6100
120.7511
114.6842
117.1922
112.5155
97.7980
104.1821
109.5715
116.4689
106.6411
105.8724
107.0748
103.5931
107.1614
105.1515
104.1597
103.7800
103.4728
102.3908
100.6754
99.6390
108.2515
120.3627
117.8502
115.0670
114.2858
114.4268
112.0356
111.9675
98.9086
101.2738
107.0338
114.6390
117.4718
120.9589
120.5732
116.9279
116.4586
115.1421
111.4589
114.4480
114.9774
113.0803
114.7476
114.4580
118.3888
124.8441
121.5895
122.8143
119.3106
117.3729
117.5257
114.1267
104.8797
104.3428
121.0362
124.2033
120.9142
117.0065
118.9571
119.0501
115.7511
107.3152
103.7845
110.1159
111.0404
108.5167
104.0321
106.5566
113.6296
116.5374
115.4554
113.6488
112.0992
109.8008
110.0403
110.9477
103.3002
104.1208
113.2458
119.3051
122.8304
120.8538
121.4841
125.8212
124.4089
128.1947
129.4538
129.5405
128.1139
132.4548
129.4698
133.1804
125.2310
127.7910
132.6127
135.7762
136.8342
134.5278
134.7601
133.8006
129.0118
133.1852
130.9629
133.2646
134.0852
136.3855
137.9980
136.8125
139.6988
137.8784
135.4532
133.8110
136.2158
135.7842
128.2240
126.7710
134.5621
134.3149
134.9115
134.0216
131.6405
131.8755
131.8308
133.8169
130.6536
129.5053
130.2637
126.4688
125.6652
125.3435
127.1771
130.9119
126.8275
127.1412
130.3217
130.8260
128.7222
126.1515
124.5335
126.5108
124.9210
126.8358
129.8195
130.5377
127.4593
125.0591
121.5324
125.8712
117.3518
119.4289
129.4619
126.2689
120.6344
124.4857
110.2558
101.4843
86.6200
78.2741
63.9504
57.7236
60.7592
64.4405
61.5148
62.6157
64.6621
68.3041
72.2645
75.3580
76.8198
75.1052
73.6821
66.9970
62.9011
57.2967
48.3857
44.5929
43.5897
42.9667
41.8160
44.7917
50.4639
55.1660
53.8015
50.6349
49.7429
47.7334
47.9549
47.5176
48.8964
48.8595
48.5442
49.0128
48.2983
49.4838
49.5908
48.2599
48.0136
47.9451
48.2539
49.9319
47.3039
48.5940
48.1880
48.2255
49.0080
49.5393
48.3836
48.2435
48.0915
48.1580
47.3056
48.0181
47.8566
49.9335
52.6756
49.8779
48.7193
48.5316
48.6378
48.2379
48.4258
48.3919
48.6095
48.2695
48.1813
48.2894
48.0020
48.3288
50.0067
48.0418
48.2763
48.1684
48.0386
48.4212
47.6308
48.1390
48.8358
48.4042
48.7866
48.8291
48.6566
53.1685
64.1184
70.5746
77.1518
67.1633
70.9496
73.6304
95.2607
128.1282
144.7634
149.2069
149.3375
146.1867
140.0303
129.9405
133.5039
131.0474
120.5066
126.0184
129.0551
133.5232
136.1902
138.7022
135.1959
135.7908
132.6657
131.4355
124.5278
129.5206
128.9761
132.9790
131.2682
130.0754
133.0182
122.9294
129.7675
131.6982
123.0251
118.8995
111.5161
101.3307
93.6685
88.5260
92.6311
101.5420
111.6857
112.4005
113.8326
113.9126
112.1165
110.8919
106.2863
99.3535
99.1023
99.2878
106.6221
106.5420
109.3548
114.8352
117.6943
104.2409
116.8120
116.1290
115.2248
110.5939
99.8140
101.6777
106.0255
108.2723
116.2168
118.6582
119.0121
109.1484
90.3859
111.9082
98.6597
94.2207
101.6068
96.1962
94.9074
94.8840
103.8099
104.8032
103.0705
102.2569
98.1872
102.4089
100.4313
103.5636
103.4732
109.0551
120.3509
130.0550
123.5009
122.4390
121.6238
120.6669
123.7386
121.2350
106.3240
117.6499
121.9645
126.9039
134.5163
126.6677
129.1904
133.9290
133.2327
128.8454
120.5944
123.5649
122.7138
116.5700
109.2998
105.9561
102.7168
110.1856
118.3587
118.2528
113.8138
116.0130
115.3762
113.7447
102.2344
94.2587
83.0267
84.6972
86.8116
85.5833
87.7742
80.9211
80.2257
77.9641
86.5033
87.7457
86.2767
88.0887
103.8863
124.1105
139.2054
140.9077
142.0999
136.5733
136.1048
138.1503
136.3368
132.8408
119.5034
127.1108
126.1561
128.1853
127.8737
126.8868
124.9896
115.4751
114.2796
116.2252
112.8012
117.7205
123.8181
121.5133
122.8277
129.7597
129.5823
137.8649
141.9070
137.4409
134.0159
132.6812
135.3871
130.0849
112.1853
107.8966
110.7191
112.2562
102.5699
103.8657
109.5179
111.8337
125.3547
129.2632
132.4485
131.1300
126.3093
123.6576
123.9719
126.5241
132.3075
125.7572
128.4486
130.7981
132.1390
139.3598
130.7134
131.2990
118.4161
119.8681
107.6633
102.2888
106.2864
104.7793
115.0283
113.7222
120.8067
128.3714
130.5324
127.7270
123.9587
127.0006
126.0503
126.1155
118.7338
115.3054
116.9686
121.2444
119.2940
121.1974
119.3224
116.2406
108.6903
100.9936
103.6882
108.1147
103.3461
109.3322
108.3214
103.3132
104.9692
115.1809
116.7778
125.0004
126.9566
120.9331
118.8099
119.0510
126.9880
133.5280
141.3171
139.2974
141.1614
118.2554
129.2684
135.9252
117.8168
116.8611
108.1115
65.1149
55.2422
56.4235
52.3529
62.1505
69.7223
104.5677
109.4330
119.5960
119.1584
116.3799
120.0018
130.5385
142.1844
152.2167
145.7579
145.4197
141.2475
138.6615
133.5490
126.6043
112.0061
99.9050
102.0866
115.1245
120.3489
126.1535
130.1799
119.0525
113.1575
113.1608
101.5198
88.7866
101.1317
107.2768
111.7214
109.8658
110.3614
117.9822
119.6883
121.1726
117.8063
119.0437
118.2407
116.4773
99.9052
100.5258
97.7161
118.2832
122.3902
131.9036
128.4492
143.0604
121.2706
118.6147
99.3230
80.4907
85.9077
106.4865
117.5586
121.1197
123.4778
130.4701
124.9386
124.6108
132.2240
129.3599
124.7552
116.8084
99.9910
100.5085
100.5833
102.4759
96.6900
109.7668
108.5066
109.2474
112.3270
113.4589
114.3498
111.5645
133.1049
122.6189
127.1050
125.4015
143.3620
141.1117
141.2091
137.5044
136.4998
141.5316
141.4921
139.0186
118.2267
113.8931
108.1742
113.6633
116.1973
113.4874
123.5160
127.1422
123.1263
121.5263
124.6875
121.4992
118.7764
108.7685
99.5173
73.5308
74.6560
82.3540
82.8667
79.9545
81.3582
87.6253
111.7953
124.4583
113.2041
101.5270
96.0469
102.1842
102.3977
96.3739
111.1436
116.5399
117.2549
122.3877
122.2757
123.6835
123.9439
124.3431
127.7798
124.6571
127.4630
127.5216
128.4675
124.4763
124.3278
124.8435
119.9524
112.2933
102.5561
100.1516
100.3851
99.4988
99.2957
105.8230
106.7742
116.1798
110.7452
115.6952
109.4923
109.4288
105.4062
104.8153
102.5329
110.7681
116.3386
133.2563
127.4213
135.9149
120.3896
121.1756
122.2851
137.0575
111.6403
103.2515
98.4202
110.4905
116.5779
112.9801
121.1825
122.7140
120.7203
122.8540
112.4660
114.2579
114.1868
97.4070
89.9223
95.2290
90.3348
57.4786
54.6905
53.8508
55.1011
50.1919
50.5384
50.2509
49.9630
49.4792
48.8975
49.3998
49.0712
49.4172
49.3798
51.0021
45.9014
42.2196
41.8661
41.4071
41.7385
47.0088
49.0121
50.5186
50.6474
51.6610
52.0509
52.3555
52.0255
52.2292
52.2242
52.4629
52.1617
52.7230
53.5650
46.7196
43.4024
45.0688
51.2420
50.8972
51.2428
52.8915
53.2661
50.4499
52.0785
53.0986
52.2733
53.8763
54.0865
54.4640
55.2501
56.2075
45.0366
51.1817
48.6263
44.1069
42.9750
50.5237
51.5800
52.9141
45.2204
45.6667
50.6350
50.6464
50.4658
51.9656
55.9674
59.8642
57.3622
51.9454
49.8399
50.1612
49.3871
49.4175
49.3579
49.0465
48.9848
48.8911
49.0950
47.9216
49.2362
49.9358
49.3698
51.1740
52.2044
52.8596
61.0022
62.3970
68.4426
79.9876
80.2595
79.1612
75.6992
77.6100
77.8397
78.5258
78.1853
75.9335
71.7776
71.9384
71.6596
74.0581
77.0067
77.1044
76.8845
77.0065
76.5787
76.1866
79.1648
77.0976
78.9999
78.9695
80.8960
82.8417
78.8604
81.4831
80.3236
83.9084
97.5624
85.1370
96.5909
104.4520
105.3787
127.9319
129.4203
133.4295
137.5602
137.8709
137.0411
135.9171
137.2389
143.1219
151.8758
164.2045
159.9133
143.8804
147.3241
140.7115
132.4282
130.7798
129.7764
127.0943
129.6111
128.9179
129.3200
129.2910
128.4460
128.7222
129.3060
127.5989
128.0641
128.8813
128.6542
128.8525
127.1733
133.4703
133.9987
133.0025
133.2175
137.3768
119.1415
129.7660
132.9293
132.7554
132.4616
130.5553
131.8822
132.7126
133.6448
134.7874
132.7578
134.6232
133.3571
131.2844
132.8328
134.4261
136.1747
134.6054
132.3096
132.4199
133.0895
129.4371
132.7686
132.7377
131.2945
131.9688
134.2969
133.6012
134.3299
132.0598
132.2126
134.6428
137.1185
144.6075
142.3776
150.0617
154.7656
158.2457
151.9930
163.5879
147.1565
155.7803
157.4466
160.2008
165.9828
168.7742
169.6896
175.4474
167.5815
161.8547
162.0004
152.9461
146.4488
135.0064
135.0326
134.6833
140.1017
149.5143
153.4518
149.1637
144.1919
137.7623
143.8612
142.5853
137.7747
135.8059
134.7284
134.0544
130.3376
120.2043
120.6538
120.3554
117.0431
112.9197
109.3489
106.4872
106.5362
103.1887
102.9069
101.4975
101.9883
103.1239
108.5217
102.4548
104.0918
105.5401
105.0470
105.6160
105.0547
109.6165
110.6876
106.1647
102.8148
101.4957
104.6135
102.2475
102.7970
102.1112
103.3597
101.2050
102.8719
75.7111
76.4670
96.6371
103.8309
105.2397
104.1731
102.8210
104.1175
104.1055
105.1747
106.8781
109.3681
108.2428
106.7734
109.2786
109.6686
112.2102
110.4277
111.5883
109.8308
114.2414
125.1979
135.5647
135.1223
134.6534
129.5080
135.5287
135.4341
138.7229
150.6958
163.7388
158.6138
157.0351
159.1188
156.7797
143.8861
138.0492
143.4226
136.2255
135.8815
139.2132
148.8664
138.8896
135.7746
149.1567
134.8270
128.6659
133.5522
134.6343
132.3401
135.7642
141.3314
134.1846
132.3033
134.8211
137.0765
137.0530
136.2753
136.4860
136.2841
137.4293
134.5775
133.4858
135.4478
134.8667
149.7837
133.8529
137.6757
131.4154
131.5490
132.1884
131.6077
128.0133
134.3223
135.7590
135.7368
136.8222
140.3719
143.1419
149.8217
149.4671
144.7718
139.2837
118.6362
103.7102
104.7435
105.5959
103.9239
103.6464
103.2416
103.8461
103.9587
104.4105
105.0670
106.8132
92.1956
83.1859
83.7458
86.4395
98.3475
97.2695
100.6870
85.4078
87.4668
113.9669
139.5089
143.6963
151.3314
149.4390
148.3581
144.9466
145.2892
146.4421
143.2367
149.5648
145.6081
144.5939
144.0016
141.2491
140.8949
139.3974
133.9120
136.5844
135.4308
131.8608
135.1173
134.2844
136.7471
137.1295
137.5726
138.1584
136.5915
137.1112
136.2713
133.5246
124.4365
117.5539
116.5118
118.6173
118.8459
117.5917
124.1725
126.3320
129.1469
128.2144
125.6722
127.7797
130.9639
133.5298
136.0546
134.9379
125.4434
126.7180
135.9089
135.2445
135.9775
136.4577
135.4290
133.8742
133.8575
134.7806
134.4851
133.0934
133.7602
134.3454
135.4973
133.6329
134.2597
134.6987
133.0561
132.8584
135.2848
135.5373
133.1163
135.3810
134.4026
134.5193
134.2400
134.1743
136.4253
134.8504
133.5736
131.3646
135.3009
134.3984
134.3699
134.9068
134.5536
135.2112
135.0300
133.6177
134.4054
134.3775
134.3385
132.0045
134.8891
133.9291
132.2377
129.5336
131.0364
131.0711
133.1501
132.8647
133.3583
133.4439
133.0080
132.4648
131.1530
133.4963
134.2759
134.4458
132.2892
132.9561
133.0229
133.8711
134.0994
132.2852
130.6894
128.8675
128.9883
129.6689
130.8031
129.2019
131.9924
129.9158
131.2547
129.6840
131.1453
130.7755
129.1961
133.8129
133.8507
132.6854
131.2361
126.4524
124.3733
124.5193
125.6096
122.7992
124.4013
124.1881
130.9155
131.6316
133.5103
124.9314
130.5026
130.8801
129.4375
128.8054
126.9637
125.9744
128.0727
127.6168
122.0929
119.8545
120.9266
119.0641
120.8386
113.5435
122.3914
120.7975
124.4934
130.3503
131.0070
131.0404
129.9765
128.6237
129.8198
131.1392
130.9725
131.3708
131.7081
131.1067
130.9793
128.6924
128.9798
129.0405
131.2534
130.0440
131.7278
132.8836
133.6744
131.9782
132.8619
132.5690
130.7513
131.8549
131.6019
130.2294
130.1616
127.8392
131.4164
131.2317
133.5199
133.1097
133.8496
132.5259
132.3163
131.1662
131.9864
132.1506
132.0101
132.6507
132.8928
131.0484
132.4812
131.6306
131.4080
132.0415
133.9797
134.4929
134.1078
134.0844
130.1545
130.0369
133.8630
134.1560
133.6148
133.6546
133.2777
134.1272
131.0707
128.7716
133.5343
133.5275
132.6638
128.3269
126.0670
118.8509
115.5098
103.8859
115.9327
116.5487
117.2818
117.4614
117.1224
116.3533
123.4911
130.5429
132.4094
133.9132
134.3785
132.9546
134.4584
135.3914
134.4406
133.1377
135.3483
133.2923
133.2650
132.9964
132.2596
133.8414
135.1156
132.7200
134.0583
134.3768
132.4974
135.0640
138.4163
139.0189
134.0906
132.9912
134.5492
134.0581
134.2385
133.5808
134.9229
134.4540
134.7793
133.4885
134.6426
135.0036
134.8954
134.3706
134.5529
134.8744
134.7262
130.9437
134.7342
134.5550
134.4505
133.7986
133.6684
133.0465
130.7633
133.0415
133.5609
134.2080
133.6147
133.9998
133.8218
132.0348
134.0892
134.2971
134.2647
133.9397
133.3955
132.9952
132.6995
131.9340
134.6771
133.7653
128.6733
133.8104
133.9035
132.3173
133.1076
132.8487
134.4754
134.9329
133.9892
133.9388
134.4854
133.8019
133.6780
132.2130
133.1503
133.7733
133.5177
134.5798
134.6451
132.2152
131.0014
133.2684
131.9597
131.1119
122.6394
120.5924
119.8090
134.0907
133.7431
132.4014
134.2986
134.1149
134.3045
133.8993
133.5055
133.5341
134.0791
132.7190
133.8445
135.4476
134.0380
136.0453
131.4353
132.4346
135.0554
132.0777
132.7857
132.6005
134.6924
134.1717
133.1725
133.2746
134.5002
132.5888
133.5962
133.4255
133.5317
133.9016
133.4955
133.2052
133.1172
132.1335
133.8949
133.9050
131.3810
130.9608
132.0759
130.5734
132.5665
130.0626
132.8265
133.0044
134.3377
131.8548
124.9518
126.0562
122.3946
123.9691
133.7832
132.9368
133.3831
134.2368
134.6503
135.1658
130.3912
132.5125
133.4537
134.4306
134.3235
134.0109
133.6100
134.2862
133.2676
131.9038
134.7375
134.4825
133.9505
133.9466
133.6043
131.8539
132.5574
131.8426
133.2436
133.9023
133.4392
133.1786
132.6833
133.6982
132.9864
131.4183
133.4818
134.6981
134.9741
135.4773
131.9500
131.3777
131.1993
128.8805
132.8127
131.9311
131.1855
131.2251
130.8172
132.7612
132.6708
131.0039
133.7045
134.3034
134.0365
134.1964
133.0181
134.9299
134.7107
132.6354
134.5170
134.4605
135.0295
134.2516
134.8825
126.8592
126.2896
123.8271
125.5086
126.4926
126.8519
126.5428
127.0479
126.7897
127.3829
125.7162
131.1439
133.8407
134.1227
133.5270
135.0669
133.6052
134.0022
134.5426
133.3110
133.7664
133.4830
133.6831
133.9495
133.2023
133.6496
130.8460
131.3618
131.3646
123.8985
122.9518
125.5964
125.5855
126.9798
123.0423
128.9180
126.4107
122.4214
126.9211
128.5411
129.9297
133.5972
131.9464
134.0209
133.8482
133.9860
134.7498
133.7239
131.5417
124.9130
122.0816
123.2315
125.1020
123.9884
119.8990
117.3164
111.8384
121.0070
116.4498
121.0770
125.0258
129.4613
131.9645
129.9652
129.7488
130.5065
126.6957
128.9918
127.6775
124.5492
128.9886
127.6859
128.8693
122.4593
121.0886
122.8834
120.0213
123.4727
124.4063
121.6558
122.3132
122.7828
121.0857
126.6268
128.2973
132.2540
133.0328
132.3723
132.0937
131.6749
126.4860
133.0103
131.8950
131.9149
136.3212
134.4118
133.6901
129.5795
119.5869
123.7684
133.2396
134.5156
134.3094
131.4116
130.4057
129.7890
129.2824
133.8568
132.5953
133.5452
131.3592
130.1499
129.8373
131.9447
128.4675
127.3224
123.1985
122.9892
124.2959
120.5178
121.7852
131.2747
130.7950
134.1386
134.8068
132.9322
134.6922
134.0924
134.0008
134.0736
130.0721
133.2082
129.6880
131.6431
133.4229
131.1964
131.4522
130.4152
130.3420
134.5742
131.0122
134.2245
131.9303
133.9157
131.4743
133.4613
131.2212
130.4241
133.2800
130.8038
131.7520
131.9839
131.5380
129.9139
129.1382
128.3168
129.7890
134.3575
129.2766
130.8794
132.5704
131.5969
129.1722
133.0252
130.9262
132.8435
130.8765
133.7702
131.1543
133.6300
131.9708
131.8082
134.3288
134.0968
133.0022
130.3089
131.1122
129.2910
131.5990
132.3238
133.8300
131.8454
131.0521
131.2025
128.7310
131.5844
130.2608
131.8417
134.9309
133.9551
132.8748
133.6771
133.4538
131.7744
131.2361
136.3425
133.4160
129.6126
129.7702
125.4317
128.3472
129.2304
131.3559
133.1088
133.8451
132.0733
131.9219
131.5776
133.4479
127.8778
130.6683
131.5905
129.8663
131.7029
128.4628
127.2715
126.4281
126.3179
124.8538
124.6471
126.8288
125.8178
126.4841
117.5582
125.5161
127.7963
124.3233
122.4030
124.6405
120.6125
128.8560
129.0233
127.9080
125.3395
124.4010
127.5976
128.9001
132.0644
133.3414
132.4888
131.2851
129.6133
129.5723
128.7219
120.2656
116.9815
115.5038
118.4190
124.4884
132.0165
131.1537
132.0266
133.5401
129.7416
133.3935
129.3545
132.2034
132.2549
130.0521
130.8493
131.1944
128.4254
127.8598
128.3465
128.9985
132.4352
128.0693
123.9758
127.2890
131.7283
133.0163
133.9118
133.3530
133.9950
131.4234
130.8020
133.0259
130.8468
135.0865
134.2324
134.7084
133.9768
132.7099
133.6840
132.6546
132.4105
132.0509
133.4832
132.7043
132.9735
132.6497
133.9070
134.1902
132.3799
135.0191
132.4482
133.7197
131.1027
130.6568
133.6442
129.3565
133.4281
131.3430
134.2754
133.0295
133.6018
132.5178
139.1088
138.4990
141.3189
140.8698
140.3526
140.6242
140.2699
139.3121
141.1732
140.5062
140.1849
140.7071
141.8464
140.6803
140.5140
141.6488
141.1815
140.3481
136.1734
132.0786
132.6775
132.1295
130.9275
130.7094
132.4765
130.9270
131.7943
132.0873
133.5781
134.6815
134.5413
131.1687
133.8812
133.3632
135.1870
134.4776
134.9195
134.7166
133.3118
130.5321
133.7245
132.7094
132.8739
133.9171
134.7133
133.6261
133.8046
131.6532
132.5706
132.3102
133.4964
134.1167
134.1704
132.1850
132.7840
129.6001
133.5763
134.8712
128.3794
125.5735
126.6795
131.0402
133.5727
126.9719
133.6573
125.7599
128.0765
127.0558
130.7518
129.1803
130.4020
133.4088
134.3489
134.4690
133.0870
134.3392
134.3450
131.6783
124.9494
124.8641
125.9236
125.6360
132.9721
132.8336
132.6587
131.5654
131.1615
129.1290
131.6283
129.8967
133.1074
133.2326
133.7602
129.5205
123.3308
122.3911
127.0763
127.9110
129.8891
133.7800
133.7532
133.0213
134.1865
132.0364
133.2923
129.9814
129.4742
128.8346
131.1266
129.7885
128.5450
128.8378
130.4562
129.4771
134.4329
127.4351
128.9194
130.5713
119.7702
119.0832
120.9557
120.3038
120.1866
118.9681
120.0709
118.5410
121.5322
122.1130
122.3978
122.5999
122.7823
123.7619
122.8107
124.0086
124.0144
124.0774
126.5752
126.7954
131.1210
132.4409
136.9541
143.7468
146.8009
149.8289
124.9178
118.4548
130.5293
132.3700
134.3868
135.0154
133.9518
134.1435
132.1608
120.7782
116.1494
116.2766
115.0670
115.4157
116.5251
106.4819
80.2890
82.4569
78.8293
98.3646
96.8484
131.9154
141.0165
142.5065
142.6391
141.4884
141.2459
142.7416
143.1184
140.5282
138.1010
132.4470
132.6544
131.0879
131.5119
112.6002
127.0572
133.7888
131.5828
132.9522
133.2048
126.7995
132.8966
133.2567
133.3256
133.2073
133.8027
133.9140
133.5340
131.2655
131.5342
132.9255
133.6759
134.6358
134.0253
135.0333
134.5477
132.9566
132.2223
133.6328
133.0919
134.0998
134.3402
134.1685
134.0587
133.4913
131.5223
133.2102
133.4095
135.1465
134.2123
133.7031
134.0245
133.1733
132.9780
134.2113
134.6206
133.9462
134.4852
134.6837
130.0438
119.9786
130.0533
120.7680
117.3001
113.5783
111.6869
108.9427
108.8244
107.1988
107.5514
109.4279
107.2226
108.1088
105.9683
107.9813
106.7409
107.8799
105.7528
104.2911
105.6505
105.7304
107.3149
107.8448
108.2730
107.8119
104.4674
102.2016
107.6642
105.7007
105.5145
106.9311
107.7576
106.5161
106.3764
106.0097
108.1674
104.7090
104.8778
105.0773
106.1310
104.5039
103.2010
105.1065
105.0962
104.6330
105.5400
102.1634
105.8536
105.2506
104.3240
105.9005
106.0369
106.1467
106.0145
106.1246
105.7108
104.9040
104.3295
106.0194
105.1418
105.9279
104.6722
100.9565
104.0259
101.8741
99.8160
102.0423
100.5143
102.2932
104.2615
104.8540
104.4756
101.7259
101.9485
102.7806
101.7163
101.7863
101.5149
102.6325
102.4058
89.0331
86.4127
94.8898
104.7755
104.9733
104.9516
106.8425
106.7906
105.8568
104.6158
103.9272
106.9227
106.4455
106.4746
106.7537
108.2585
107.0593
106.5789
108.9072
106.4018
106.8293
106.6804
106.4877
104.1736
104.6498
104.4795
105.5623
102.5245
104.1600
105.4762
104.4436
108.5749
108.3139
106.2760
110.4195
109.8494
110.7841
112.3950
113.4128
116.7820
122.9267
129.2299
129.6174
130.1574
128.5844
129.3844
129.9497
126.7598
127.1164
127.1873
130.0684
129.0420
129.7641
129.9526
128.5419
129.4950
129.4699
128.0938
130.2470
130.2352
128.3918
131.1917
128.9162
128.9460
130.2810
128.7208
130.4471
130.6010
128.5912
129.2360
130.3900
131.8656
131.3003
127.6117
131.8816
128.6200
132.1549
128.9259
131.0997
131.3393
130.9654
130.4162
130.6701
129.1999
129.9457
130.4536
128.8194
130.1365
122.5742
115.3538
113.9040
115.1162
115.7060
123.6978
130.6828
132.9787
132.4921
131.9206
132.5111
131.2639
133.1730
131.1631
132.7700
132.3569
132.5376
132.1839
130.0029
131.8321
127.0215
131.6578
131.7603
123.4422
128.4563
130.5455
129.5730
129.8797
117.2552
132.5138
131.7040
130.0214
129.9018
132.5279
131.4846
132.0792
128.3442
130.6104
131.7912
131.1646
130.4718
131.8938
132.2252
132.0065
131.3030
131.6314
130.1321
129.2846
130.6245
131.9133
128.2840
126.5434
112.9499
111.7494
117.2010
129.2933
132.7972
110.0760
106.7210
109.7057
113.7507
113.3284
113.0324
115.7965
128.6204
132.1621
130.6552
130.1189
130.3905
130.8240
131.9557
133.6031
133.0584
131.8470
132.2596
130.9090
125.9935
128.1774
127.1861
129.5448
127.2660
125.7140
128.0908
129.6037
127.1464
124.6384
130.0160
132.0191
132.6161
131.3555
130.6505
131.3608
131.2727
130.4087
131.9175
129.6127
131.2948
130.6666
132.6735
131.6336
130.7773
128.4235
128.2874
128.9267
129.3435
128.2723
128.8081
129.2165
130.2885
128.5236
129.4516
130.9944
131.2722
129.4192
130.5137
132.4073
130.0524
129.7569
131.1072
131.4987
132.1801
131.0399
131.8867
132.1225
130.2217
128.9814
127.4529
125.4344
115.4755
119.7837
128.8298
131.5105
130.9261
131.4167
132.3336
130.6864
129.0775
130.2748
131.1204
128.1728
131.1059
130.1748
130.7278
131.3984
128.9571
130.8138
124.7465
128.7121
129.3370
130.8395
130.1622
123.3847
113.0322
115.8640
129.3225
130.6374
130.7854
130.0614
130.1013
130.1863
130.7626
128.4638
130.2988
129.9718
130.5062
131.7113
133.2068
133.8254
132.2308
120.7114
115.2184
125.0456
58.7447
86.4989
58.4158
92.7615
107.8843
104.3541
103.5159
105.3539
106.2491
107.9390
109.7057
109.6100
109.2445
106.6212
106.6640
106.7058
105.5100
107.3373
109.3793
105.5336
114.8840
111.1676
112.7200
114.3803
120.7148
119.3410
125.3493
127.6220
130.2191
127.7028
125.9496
126.3775
125.8698
125.6440
125.1269
126.6162
128.7619
128.7324
129.1470
130.1113
130.7247
130.7529
130.1761
129.4655
129.3901
127.0723
129.8050
132.0030
132.6788
133.1738
126.9552
131.6986
132.2041
130.3885
130.4631
131.2252
129.3305
132.0078
131.6029
131.0533
128.5094
129.6856
129.7176
131.5140
131.9195
127.9012
130.7892
131.6903
130.3221
128.4579
129.4004
130.3411
131.9308
132.7276
128.4581
119.1657
111.0869
109.3487
108.0670
107.3353
106.8840
103.6777
105.6718
104.7344
105.2440
103.6444
103.1445
104.5200
103.3554
103.9727
104.0016
106.9050
105.8887
103.4527
103.3027
102.0955
104.7165
101.7014
101.7999
103.1176
104.3710
101.2442
102.5726
106.1854
104.5422
104.8653
105.4169
105.7382
105.1298
103.9478
105.9204
107.2025
106.8918
106.5864
106.7753
106.3962
106.2501
105.6663
105.4991
106.6460
105.8960
106.1324
107.4795
106.9699
106.3728
104.0997
104.8468
105.6391
105.3464
105.3108
105.0718
105.6446
105.0223
106.2287
104.4226
104.2384
104.9241
106.8115
105.8646
105.1073
106.9643
105.2779
104.6594
107.2805
106.9255
108.9044
108.3167
108.6941
108.8296
108.0996
106.4665
108.9623
110.5350
109.6970
111.1240
111.0960
109.7394
109.1693
108.5232
107.9704
108.2961
99.6177
101.3868
102.7094
105.9610
106.6887
109.1926
108.8000
104.3173
104.7438
91.5660
84.4481
78.7651
76.6620
75.0197
71.5957
69.8119
60.3552
62.6768
62.5672
62.2545
61.2637
60.1610
62.1294
60.1963
60.7398
62.1618
62.6708
59.8123
60.0976
57.5844
67.0452
59.7256
60.6328
61.3616
62.5733
62.7798
67.3708
71.9964
76.1372
75.7270
70.4227
71.6210
74.6937
76.4191
82.9972
84.9714
89.0541
88.9161
87.0171
89.2028
92.8120
103.2602
106.4767
105.7656
105.2344
106.6820
109.1052
108.5858
108.5159
108.9445
109.6190
109.0799
107.0546
111.6484
110.3817
111.1438
110.5781
111.2845
110.6862
109.4243
109.1304
107.4657
108.6685
106.0033
109.2963
115.5397
116.8099
118.1866
117.6242
115.7893
117.2685
114.0492
116.7061
115.6563
116.7720
120.9409
125.2678
133.7374
134.6966
135.3355
137.9298
140.1165
139.5656
139.7886
139.3620
135.8763
133.9140
135.2675
134.1147
134.8701
136.8857
137.1750
137.3010
138.2362
135.2476
128.9058
137.0919
138.3056
139.6211
138.9898
139.7863
139.5412
138.0039
134.3713
131.9874
133.6251
134.5400
135.8780
133.6743
134.6566
136.8611
129.8699
133.4359
130.6686
125.7850
122.1160
122.9890
118.5952
119.4865
127.9284
129.6890
130.7138
128.7648
131.8861
131.2179
133.6910
128.8109
119.6201
122.2475
118.3352
113.3521
118.6855
119.1135
117.1130
116.4728
117.4196
121.5131
120.6776
121.5998
121.9038
121.6121
120.2489
118.8012
117.7156
120.8077
119.4469
119.7835
120.6965
119.7946
120.5923
123.1509
122.3801
128.1830
127.9959
123.6454
123.9400
127.1749
126.8283
126.5598
127.8181
128.9082
124.9636
128.0591
121.6253
107.9590
115.4126
112.5429
121.3099
117.4898
115.5038
117.8462
116.0097
115.1070
116.3222
115.5623
118.6614
118.3451
118.4666
119.4500
122.9257
124.3578
122.1278
120.4761
122.4467
121.1893
123.3862
120.5743
119.9597
116.0501
115.0944
117.0268
118.4989
117.5969
117.1171
120.6547
123.5168
122.8760
121.5832
124.0177
117.9974
116.0377
118.1769
119.3660
117.5413
118.8201
116.3054
116.0490
114.1874
117.3700
118.1567
106.7916
93.8095
108.8986
121.1180
121.1362
114.3016
121.6693
121.2140
122.1093
122.9001
117.5403
118.5077
117.5060
118.7670
118.2838
118.9162
119.7142
120.4119
116.8437
124.4773
124.1317
116.9225
118.5659
119.9189
120.2807
121.9833
119.8946
122.6438
123.2935
118.2396
120.5109
120.9981
125.5704
121.9333
123.5788
118.9584
115.2816
114.6982
114.4834
117.3108
119.6726
119.5312
121.2808
125.9834
125.5937
123.3695
128.2729
128.3078
125.0712
129.8883
128.8181
130.2127
129.6334
129.3209
125.6622
126.7549
127.0581
126.5084
127.1202
127.3356
123.3520
127.9418
128.1636
128.1868
129.8403
129.4044
128.9028
129.4862
127.6703
128.7785
129.6876
129.2355
130.0977
129.6577
129.5969
129.6373
129.1339
130.5184
128.4246
127.0190
127.6909
127.4409
128.6213
129.6712
119.8011
125.7548
125.9537
125.6648
125.7065
125.5281
129.0183
123.5566
124.7812
126.8837
125.9507
125.6589
126.2960
127.4439
127.2585
126.8350
118.0098
121.9593
122.1304
121.6797
123.7972
123.5082
122.7472
129.6712
119.8011
125.7548
125.9537
125.6648
125.7065
125.5281
129.0183
123.5566
124.7812
126.8837
125.9507
125.6589
126.2960
127.4439
127.2585
126.8350
118.0098
121.9593
122.1304
121.6797
123.7972
123.5082
122.7472
