324.8163
323.3228
322.3741
316.7917
322.8301
321.1551
326.3317
349.8260
340.9966
348.4498
364.0002
372.3392
377.9888
366.7836
372.6266
381.6338
390.0086
399.9848
406.0173
412.4723
411.8938
405.7850
387.9048
351.3633
351.1439
356.2985
353.9370
357.6905
358.2054
358.7775
369.5110
409.4215
441.7177
490.7506
497.0174
488.2221
496.8409
490.2349
475.5343
486.3626
490.4455
504.6567
490.1262
469.8692
455.1120
448.7323
416.1606
407.9872
415.7862
412.1732
419.2462
426.1801
430.3610
430.4482
443.2215
513.6408
603.4109
607.6805
601.4125
586.2105
569.2564
542.1711
528.8973
528.7130
560.1005
580.2963
572.6630
546.2309
543.7562
518.0865
491.0681
444.0993
433.2231
413.7252
420.5704
420.7169
416.9367
406.1017
424.5293
486.4572
555.2107
557.0225
555.9531
544.4961
531.5925
536.1120
539.2123
533.0098
546.5860
512.9420
490.5518
480.8875
453.9083
439.9264
425.9053
398.8252
386.1182
374.5151
368.1491
368.3852
369.1521
369.0117
389.9366
464.8485
509.5705
510.9141
509.5767
511.3950
525.7814
513.5843
505.2079
509.9528
510.9876
509.5274
490.3567
475.5923
461.6442
454.0562
424.7120
393.7307
406.9955
402.9998
399.8284
393.4243
384.3977
381.4071
404.8181
475.4829
520.6993
522.3462
527.7738
526.3798
516.8676
514.5648
508.1281
505.5690
501.3225
482.1457
495.2537
464.6699
449.1950
416.1246
415.8911
392.3370
386.4932
371.7568
363.2376
351.1514
345.7567
344.9274
348.7201
377.9719
385.5577
390.3110
394.1230
402.2576
405.1564
404.9652
404.3114
402.1779
393.3691
386.8416
374.7930
364.4273
359.3793
350.1648
335.3675
299.9894
289.3428
281.9419
266.4456
260.7703
243.7100
241.8127
248.3852
271.1564
272.7821
277.4759
289.1371
291.0793
296.6101
298.0101
300.9067
305.6657
302.7577
300.8763
297.8597
300.0741
298.3483
298.9480
294.9622
264.0384
255.8353
253.8877
254.2674
246.6402
256.7467
257.3433
274.0677
331.4861
355.2487
359.5976
344.7778
341.3492
339.2986
331.9075
341.5210
330.7540
345.1930
330.7338
328.7170
340.6152
343.2178
336.3142
336.3276
299.9879
283.8431
272.8622
264.6205
264.6915
263.3947
268.7607
283.5381
349.7640
389.2395
395.9090
399.6716
399.0463
386.3193
380.4099
384.7978
384.6577
396.8618
398.9989
383.6874
358.3407
347.0460
335.4624
326.6704
309.8195
294.6440
261.0328
236.1974
230.8382
241.0915
256.5603
298.4282
357.3693
386.0122
377.5046
365.4940
354.2356
336.0447
321.0489
302.2434
293.1999
301.5464
319.5495
314.9370
288.5498
285.1518
299.8226
289.0466
266.2743
265.0084
264.0937
267.7043
262.1192
264.5311
262.9513
273.0918
318.8348
345.0617
342.5621
343.0448
339.3066
337.5842
326.6722
324.4391
339.3619
344.1237
343.1973
337.7192
324.6054
316.5817
301.6681
292.2809
276.0125
263.1922
262.1848
256.3790
252.0570
252.2053
251.5606
268.9719
344.3961
357.4109
344.6629
329.7364
328.8058
335.6157
340.9538
327.2230
316.0300
306.9536
327.4648
330.0541
321.7085
319.2421
311.0617
292.8619
272.4769
264.1294
266.8134
267.5145
257.2242
260.6797
266.2381
292.6501
326.9755
322.3525
334.1658
329.6599
336.8431
343.3482
338.0131
335.9877
338.8910
339.6239
339.3072
339.4581
335.3618
327.9048
326.4688
330.9939
310.0068
311.2624
315.7066
309.5363
297.7656
285.2327
283.2689
278.6260
317.8785
312.8745
325.5307
331.5738
341.9396
338.5328
341.5167
336.3833
338.3754
347.9193
336.6298
356.4452
342.9601
338.4527
333.9597
347.5007
314.0665
329.2077
329.4912
324.0540
312.4665
309.8944
316.5266
336.7937
417.6176
466.2323
471.4057
473.0600
453.5253
418.4286
408.8105
398.3463
409.4801
432.5729
442.9676
440.2776
421.5874
389.9904
375.3058
354.8341
308.8750
307.5029
290.9000
277.2152
276.8202
281.3334
291.5232
311.1955
377.6761
408.7494
407.7450
388.7352
395.1151
385.5547
379.6137
375.2973
388.1861
389.8830
389.2655
377.0518
375.0912
363.7928
352.6325
346.3605
318.9587
313.2637
301.8861
304.7998
298.0043
296.0840
305.5460
309.7331
370.4939
419.6495
409.4817
400.1314
383.5955
391.6575
386.4780
375.0359
374.4029
366.1489
364.1274
366.9349
360.3175
356.7601
347.7960
339.0828
315.6012
310.5043
298.9284
296.3213
293.2326
287.4560
289.7993
310.2193
369.0179
434.0347
439.8569
419.4693
414.8091
419.8587
423.3071
417.0534
436.3586
436.0058
434.5279
421.8762
411.8330
407.5321
377.2604
366.0445
333.4149
333.5459
329.9206
328.0908
321.5388
315.7349
320.5554
355.4086
423.9521
490.4524
485.5351
488.5469
459.4254
439.3863
433.2576
438.1463
441.9949
459.2474
475.0109
461.4124
466.8366
456.7002
444.1436
438.9307
424.3273
435.0769
435.0677
428.0294
420.3363
422.9639
424.2051
443.4097
479.9499
477.2973
500.2683
524.9152
517.2883
518.5847
512.6325
495.7211
508.3345
492.3467
523.9922
533.5024
520.2280
499.9215
490.9509
517.7565
494.7419
481.8945
463.0899
451.2970
458.2306
466.4854
470.5115
474.1429
502.9658
500.4160
495.8336
510.9699
527.2434
531.3957
514.9681
508.8015
499.0055
500.4583
500.9711
493.3951
487.7409
476.7134
456.8533
428.6260
396.2929
393.2897
390.4177
390.9063
387.7080
386.6567
376.5505
398.2360
485.0714
548.8311
547.5978
530.7195
509.0942
499.5520
492.1855
489.7285
480.4322
478.2303
482.9277
474.2705
434.6217
418.7391
405.2786
383.3401
354.0576
346.5939
339.9833
312.4746
311.9583
311.4472
310.4834
333.5286
406.2842
434.1956
445.3595
433.5375
424.6394
420.4641
408.7245
401.9555
403.5922
399.5567
384.9328
385.0678
376.5681
359.5278
359.4885
347.3372
314.6266
312.7844
290.7259
285.9493
285.4226
276.3310
269.9230
281.1615
349.8668
395.9280
404.6175
343.2353
342.8901
319.5619
331.0811
322.9827
313.8046
322.4425
320.2627
319.0472
327.7245
321.6886
327.4160
322.0762
296.2731
294.6434
296.7490
299.7311
299.2561
304.2805
310.4387
320.2966
380.8936
403.2221
417.5338
421.1149
395.3013
369.0586
345.9640
336.2595
326.3988
356.4594
382.7212
398.1081
389.7669
377.9455
381.8323
390.5460
359.7709
360.6417
360.7930
359.1774
358.0212
360.5351
361.1214
383.2007
465.3908
505.7659
509.0666
498.6641
467.2307
471.3549
452.0375
426.7869
412.4979
424.6994
429.2270
437.7905
412.9983
413.9629
395.9281
385.3210
353.8999
352.2866
349.5407
346.9107
347.0606
341.1775
344.5053
361.7634
394.0237
396.2093
409.1588
431.1995
434.4831
418.5384
412.6900
393.5886
388.4541
373.9091
373.5927
380.1605
394.5729
368.2825
380.0492
356.8840
317.5052
325.3805
305.8458
291.3143
285.4185
280.6826
284.7978
294.4655
329.0909
329.9404
318.4341
327.0029
325.2369
318.1192
310.5716
302.0136
308.7452
311.4695
316.1578
312.8021
306.8370
308.4156
289.4372
281.8813
271.7203
269.7760
250.4753
262.2469
263.6516
268.6442
271.8250
289.2951
361.1452
412.6629
387.0623
341.4021
314.1202
307.1914
300.6761
280.5354
270.2598
293.3141
337.6253
350.1253
352.3505
354.2589
347.5148
349.7287
321.3372
319.5696
313.7255
313.0236
312.4581
308.6257
311.3945
324.2354
389.9254
431.6465
456.4752
461.7353
417.0314
379.3228
373.4734
359.0342
418.6802
424.0695
415.5973
403.8815
387.8093
374.8372
370.1280
356.2331
326.9952
322.7692
315.5225
304.6209
299.2642
299.7147
300.4392
313.7243
382.3530
433.2853
447.2422
441.2710
436.5678
421.1662
414.3623
410.7440
429.4774
434.9083
430.9843
439.4742
433.4244
422.0220
418.3068
415.2628
387.7137
388.7139
383.0657
380.7961
382.2361
379.4498
382.0528
403.7223
478.1578
549.8407
558.4917
555.3004
503.8352
458.1294
429.4252
416.2119
415.3490
437.2586
446.1006
452.6512
450.5747
446.1679
436.4199
427.8872
396.9894
383.9187
371.2429
359.9702
354.9658
347.3818
358.8089
384.2750
454.9795
499.1677
516.4604
503.7009
488.6257
462.5251
448.5820
446.8914
454.8243
457.6024
457.6018
445.1576
429.5363
415.1829
411.4668
408.6948
372.7521
375.9469
392.1309
408.0187
408.1760
413.7090
411.6572
418.2458
451.5025
454.1310
466.3772
501.6004
487.6569
454.8481
436.5303
404.9566
390.3056
398.2507
410.6785
418.6551
415.1518
400.1824
388.2697
373.0943
341.1910
334.2052
326.0057
324.8708
318.3485
308.6253
294.6509
323.8509
349.5393
346.8693
347.9512
356.4266
357.7481
359.4503
358.4668
354.4409
357.0568
363.3961
372.3775
382.4683
382.7430
389.7142
390.2998
395.0649
376.7908
368.8783
357.9724
358.2853
353.3549
350.9526
352.3983
371.6916
424.7574
475.4610
491.7948
493.2984
486.6316
474.7869
456.5410
441.5667
440.0612
436.0075
438.2980
417.1367
390.4286
387.1997
376.9172
370.9434
339.4601
335.3172
306.9931
328.3119
326.5133
330.6854
337.7346
345.3489
401.0483
432.9965
446.7282
431.0922
418.0749
416.1521
412.3637
413.9240
407.2142
406.7088
401.1664
395.5944
385.0381
378.4531
375.9944
367.5125
337.7340
330.9019
322.6612
316.0425
315.3285
317.0086
316.0528
334.6985
402.4071
442.6516
456.9613
445.3036
434.3992
424.8643
405.7919
377.9791
357.7853
344.7325
334.7387
331.1747
322.4084
318.6948
318.1050
307.0259
284.3673
278.6598
275.2431
261.4419
250.0988
252.6720
241.0186
250.3768
303.2364
350.1652
376.1716
365.6816
334.1701
335.8179
319.1602
299.0606
298.3692
298.8932
311.7045
333.9503
328.2714
347.0449
349.9010
347.1941
323.8477
321.6314
307.9127
305.3841
304.0180
299.9639
302.7685
335.2264
397.0539
437.9878
455.4090
418.5028
400.8705
383.0346
385.1676
390.1543
393.6831
435.7519
447.6569
401.8010
366.1243
334.2785
316.0836
316.7820
303.0175
320.6321
314.5272
304.5946
269.0288
194.3230
193.4318
214.1948
257.0461
280.2655
308.5167
329.7935
319.2691
299.6612
299.0065
299.9021
303.7237
305.8970
324.9660
336.7239
341.6535
347.4456
352.3199
351.1207
327.6024
325.8460
321.4577
313.9186
300.7279
311.3865
307.1055
307.3208
331.1967
322.2841
336.0173
337.0583
340.5924
340.0525
309.8784
279.5862
263.2808
277.0863
295.7259
320.2410
325.2647
324.8316
319.9999
317.7406
263.0666
260.7251
244.3601
235.6618
235.6247
249.0576
252.0879
281.6205
337.8783
379.7928
391.2271
359.7640
312.1566
274.7023
248.1005
239.2444
231.7680
229.0934
243.6574
284.2940
316.1460
340.5606
346.0643
340.8235
328.1720
324.9150
318.2128
312.7229
315.1294
322.1352
322.8842
341.6851
394.6151
460.4638
460.1643
430.8438
385.0796
376.7655
381.8774
381.8294
388.5938
396.5924
398.3711
387.6722
359.1709
312.4708
318.8154
310.2034
287.2608
290.5443
280.6574
275.9246
271.9091
274.5807
274.9889
301.1594
359.2289
413.8039
424.3798
404.6665
394.6453
392.5375
386.5622
377.7147
365.6932
369.5081
374.8030
368.8826
371.4104
360.8000
351.6307
331.7378
293.8286
278.5308
266.8846
262.4031
261.3575
258.2288
262.3374
272.1214
322.6015
366.8065
364.2986
364.5240
336.6321
325.6522
302.9017
280.1754
299.1169
312.1186
321.3974
346.1160
356.7217
347.2859
338.4833
327.9889
299.2203
285.8678
275.4071
270.6619
263.6633
248.8890
255.1031
259.8320
293.1419
314.2595
330.9552
334.5437
324.6750
330.1867
329.3377
329.0843
335.0383
345.3623
356.1062
354.2544
328.1612
313.1049
307.3972
282.1179
257.4429
256.5652
257.2136
252.7865
262.5823
273.0856
273.0546
283.2784
314.5756
316.1270
329.9473
323.4632
303.5189
284.7814
252.0579
257.6336
252.1844
256.5224
277.6790
324.6604
341.0172
342.5981
344.4582
342.0297
313.5190
315.9762
315.6489
313.6075
313.9081
316.7733
315.4639
327.9186
361.6819
355.9693
355.4580
339.9078
338.5986
337.4964
317.1768
298.4710
292.0374
291.5349
312.5898
341.3741
353.6128
356.1710
351.7345
331.2770
303.0348
295.9504
311.1796
317.6232
282.9065
290.9870
293.1328
301.2376
341.9971
369.7952
377.4870
373.2180
318.1324
279.9935
252.7346
250.8356
244.5234
239.7094
248.3413
273.2933
284.7611
316.9333
327.9517
310.2187
265.5562
252.7947
249.9821
236.1491
239.0316
265.5718
289.9023
285.2478
312.9722
346.8105
377.5398
364.3138
353.7162
333.0151
320.6513
312.6540
300.3637
304.6028
313.8483
335.9778
365.9084
377.4592
358.6627
341.6995
303.9656
291.7111
270.1562
257.6157
260.8629
254.4940
266.1871
309.2014
358.1723
391.4966
398.7582
391.0775
371.0759
366.4308
360.0600
353.3384
349.0088
344.7351
347.1564
359.9925
363.2132
362.9104
368.0033
362.4240
325.5574
315.5384
303.5290
291.0184
288.1651
288.2789
288.0715
297.7426
347.5237
378.2394
397.9605
382.8788
359.1925
335.4032
316.7110
306.9668
301.3856
306.8018
321.2558
345.2929
351.8975
346.9663
344.5165
347.4713
309.4186
302.3153
300.9281
303.9455
300.1299
298.3123
302.0116
324.0987
377.5896
411.4408
421.7039
411.6724
394.9599
374.1561
352.7653
340.2237
336.1523
344.0506
336.7712
346.7794
355.6413
355.5755
355.0943
346.5292
318.2648
321.0151
317.1772
317.9857
318.3907
314.0517
312.8836
317.5488
347.0775
354.0896
362.1380
352.9675
342.2455
322.5143
309.1287
298.4765
291.8268
292.0964
301.1335
330.8405
346.7878
340.6828
342.5052
334.2264
313.4166
322.7160
319.1504
311.7575
302.0469
299.5922
306.5676
313.0600
344.1289
339.4838
327.8617
331.3945
310.3656
301.8638
292.0317
278.5279
278.6860
268.0774
268.6990
306.7765
346.5933
352.3861
341.4341
335.9812
309.9875
303.4734
300.4975
303.6362
299.4926
305.9269
316.2811
337.3735
386.5182
452.6602
428.9140
371.6498
320.8500
301.8654
279.8007
240.5275
230.1410
234.8935
252.0774
310.1046
333.3814
343.8709
352.7688
351.4335
320.7846
314.7827
311.0246
307.3613
306.6410
297.5291
305.6787
326.8053
382.5370
438.0885
414.8424
365.9331
323.1869
300.9369
278.4942
239.5459
249.3645
237.8600
261.3957
295.5083
332.6394
339.4282
339.7167
327.5131
309.5545
303.6783
295.9932
284.2331
279.4778
283.6323
292.3879
308.6151
381.3134
441.6087
431.7042
356.1866
317.4764
292.9556
266.5371
235.6952
241.3852
234.9080
238.1075
259.3163
297.1058
319.3800
330.6705
334.0152
315.1506
314.8259
306.9267
297.0587
296.0306
304.4936
306.5996
337.4156
396.1365
452.7402
444.3066
388.1941
344.0443
316.9693
286.1968
286.6996
244.6021
248.9519
253.6539
279.7111
303.7177
327.5945
338.6057
340.2514
323.8576
315.5278
305.1027
304.0317
307.4220
301.2097
305.0760
323.0877
371.4827
409.9162
411.6313
395.4600
377.0584
358.5925
344.7489
270.9420
254.0863
254.9608
266.3005
291.3756
308.6773
282.0247
299.1789
307.1597
296.9995
297.3887
293.5751
282.0696
279.2614
279.3903
295.5995
302.6254
335.3620
343.7875
344.1184
322.3480
324.1950
316.8364
301.9769
324.3982
309.1213
292.9187
300.9506
318.6923
344.3465
353.1565
357.4175
354.7358
334.8434
341.1880
345.5159
347.6212
345.5314
342.4889
340.4944
336.4377
362.4883
360.9155
363.7013
336.1410
303.4502
291.1619
285.2890
278.8631
277.7013
278.1466
271.1470
318.2210
350.9335
370.5640
378.8276
357.7055
327.6302
306.9872
311.7231
315.3285
328.7911
349.9968
341.4556
384.3283
467.5584
488.7946
469.8740
416.8896
392.5596
379.0914
362.1257
346.4172
321.6103
321.7333
337.8286
367.8579
412.1212
405.9189
385.3162
392.3012
388.9717
394.2252
390.5613
387.6363
396.1424
399.4754
401.1581
414.9894
478.8876
536.2800
524.3306
472.6467
440.5834
420.4874
398.1775
398.3957
399.6300
399.7430
402.6122
419.6958
455.4231
435.8441
410.6400
396.6199
379.5586
383.1341
386.9916
389.0643
391.0302
398.8258
411.4379
456.3670
561.5910
591.2799
549.9531
504.3044
483.9890
461.8999
422.4204
380.9458
318.9620
373.6680
366.0259
392.1408
394.1233
395.6666
394.9604
341.7888
311.3586
339.7362
356.6343
354.5660
360.3480
385.1300
406.4704
449.0043
521.9188
557.2008
529.7412
480.5862
449.1693
417.6229
403.5088
411.9818
394.3617
391.2315
404.0427
430.5265
450.9818
445.6865
444.0606
417.6433
400.7686
409.8867
421.8557
424.9471
425.7431
417.3061
413.8144
433.0248
524.1909
602.3898
553.5845
477.6426
440.8680
403.8582
388.7883
380.6830
374.9396
377.5699
383.9161
390.5639
407.9060
412.8276
409.1490
405.6828
383.3888
382.5226
379.5267
389.6668
402.1765
414.0595
418.4899
423.6857
460.5345
459.5409
437.9045
414.6116
377.6745
342.4079
344.1369
336.7371
344.8330
326.1670
325.3112
334.3455
363.5885
381.9844
387.7057
385.2144
365.4761
365.6773
362.5117
354.6247
354.8777
360.7376
364.3139
377.4524
417.6131
421.3067
392.3805
359.0598
332.9722
325.5872
312.7499
314.9980
320.3042
302.9117
329.4890
351.5182
368.0976
365.2438
367.5736
356.3251
325.0348
317.8617
326.8932
338.4588
326.7714
327.9814
326.8400
341.3462
410.8591
456.1936
461.2104
442.4112
427.8264
419.7681
419.4296
411.9567
421.2238
419.9485
408.1567
398.5582
390.9874
373.5413
371.3211
360.9283
339.5380
339.6313
333.0926
340.2177
351.2886
352.5152
345.0331
354.0152
417.7291
453.6634
441.0359
395.6618
376.4835
357.9981
338.0405
320.0470
303.5102
307.5529
319.7138
335.7707
355.8653
377.5284
392.8410
385.9206
357.5614
351.2736
361.7623
357.1737
362.4143
377.2908
379.9215
397.8019
500.3301
542.0449
489.7498
409.3819
382.1655
346.6772
315.7464
270.5259
258.8771
279.1476
300.1073
309.6269
332.2046
363.9731
379.6767
377.4959
360.7261
355.7754
349.1144
373.0957
380.0261
373.7357
387.7538
416.8061
488.7778
560.3560
502.5288
415.5767
363.2181
361.3918
323.2673
313.8369
305.2332
317.5984
326.3715
339.8378
349.0646
348.5501
359.9062
371.8233
333.2969
323.5453
316.2320
320.7665
323.5711
311.3919
311.6803
327.0136
379.2428
406.5304
415.6652
415.1643
403.8877
397.0411
370.5383
364.9986
376.5247
370.9064
360.0442
339.9697
326.3149
315.4299
306.0254
296.8533
265.2498
265.5804
260.4556
257.1194
246.8684
239.0624
241.0654
251.4961
288.1172
284.3438
286.8536
289.2830
283.7099
252.4373
238.4789
236.8655
235.5854
235.0783
247.7642
274.2805
299.9213
312.1377
310.1253
307.6907
272.8577
265.1961
253.1381
246.9120
247.5750
248.6720
253.6438
257.0900
289.4855
290.1105
296.4671
296.4947
294.4519
289.5881
298.5256
296.7796
290.1473
290.1334
293.5242
288.0533
279.2847
269.6116
269.6318
249.8064
233.8517
234.7263
234.3313
231.7037
228.8072
229.7902
233.2531
256.4282
292.5417
318.4526
321.3357
287.8060
289.7837
256.8812
262.3657
241.5475
232.0901
222.9830
246.8400
260.6554
277.9986
302.5090
319.8843
310.9900
302.3875
303.0127
296.4331
298.3938
293.8243
299.4291
294.9053
309.2724
362.6939
400.5335
383.9612
353.0722
336.1256
325.9946
329.1047
327.8253
322.4635
309.8332
306.7496
308.7158
310.9700
323.8167
323.5254
310.6721
295.1788
289.9035
271.8201
264.9614
261.0418
258.9945
257.7351
270.3529
335.2487
359.6431
358.4017
347.7983
325.0568
319.5466
303.8319
295.3560
286.0594
283.1202
278.5267
269.5655
268.6233
272.6374
285.6629
285.1673
269.7871
265.7278
254.6149
245.7170
248.0822
239.9023
243.6559
270.7189
325.8663
334.6536
323.1310
311.1900
294.0854
265.8020
287.6395
283.6721
292.4034
280.4773
272.8902
267.8389
279.7814
282.2292
286.7813
285.6466
263.7524
258.0034
248.1634
235.3338
231.2446
230.4327
229.6442
237.5129
272.0351
292.0816
298.4641
279.6915
272.4350
271.7042
268.2437
274.8500
289.0314
283.4170
283.4433
269.7575
280.4744
282.7176
284.0425
267.4701
236.3502
242.6508
233.8866
228.2093
231.9675
246.6877
246.0083
243.4521
275.1697
258.6521
277.1175
271.0338
276.9124
283.3860
269.9209
296.8399
294.1072
287.7789
287.4237
300.0537
307.2577
330.9411
324.8360
315.4449
289.9129
312.5150
310.0591
312.1905
313.3426
323.4071
323.8918
351.3057
346.8435
351.7159
352.7108
343.0832
333.2555
325.8668
307.0082
293.1209
294.2404
305.7645
319.7763
342.9064
332.2448
383.5523
390.4824
359.8384
363.1394
358.7614
341.0350
345.2495
356.5292
369.7569
415.3448
473.9662
502.9037
501.2691
459.9732
417.3089
408.4780
389.1836
347.9593
335.1433
328.1019
322.9459
322.4148
330.4904
354.8372
366.5763
369.6893
345.5075
347.9016
344.7806
357.5889
354.8634
383.9106
392.6578
400.7503
472.4849
527.3516
495.4752
423.4171
346.9374
316.9954
310.1879
300.0775
297.1858
315.9231
325.6755
331.4942
339.8159
349.6342
344.8388
326.6737
300.1881
318.1507
320.4947
319.5244
329.9067
340.9566
341.6243
348.4008
395.7594
477.9862
481.0469
438.5171
419.2424
362.5404
363.7468
356.5360
353.3873
337.5194
325.1586
329.4147
333.9752
355.7317
373.3523
362.1497
340.8465
319.9211
307.9301
309.9180
319.2857
335.8948
348.8584
361.3922
432.0767
483.5947
478.5286
459.6508
425.7465
412.4750
394.3518
393.3014
385.1664
372.9389
348.4301
342.1048
332.8031
345.3236
351.3686
346.3995
326.3182
323.2468
308.2793
303.0281
298.5676
296.0616
297.4701
312.5510
364.6206
398.8711
431.2145
398.4691
377.7319
324.9641
317.4934
299.4675
279.6678
269.8729
260.5121
255.1577
271.8804
291.6784
312.1280
320.7653
304.1123
301.7923
300.8451
299.2446
301.5134
306.8048
310.2009
319.6186
351.5276
347.4765
321.5711
292.3045
270.8388
271.3994
251.4732
243.5956
237.8424
216.0037
210.7519
217.3180
229.0065
241.7333
274.6961
308.1647
297.1468
297.4280
290.0418
284.7472
285.4206
292.0444
300.4807
305.3737
335.3418
325.0735
289.7465
263.2217
237.3787
229.1544
221.7304
221.1378
215.1443
208.7834
208.7364
206.5281
211.4749
221.7269
245.2661
260.2129
259.7859
274.9802
290.5869
291.0478
288.5624
287.1336
294.3647
304.7296
338.6516
359.2595
348.3867
326.2062
301.8278
283.8808
268.1753
238.9982
219.8962
212.1356
202.9301
223.7387
222.4632
241.8902
266.4678
273.9613
253.9292
264.9111
274.4475
278.9872
290.8628
285.0860
286.1932
309.2378
348.8162
360.8020
314.4802
277.7683
256.1528
233.5413
215.2310
202.0067
186.3568
186.4369
187.9538
189.3221
193.0321
208.6147
244.1884
273.5612
259.2023
267.7006
273.4028
264.0446
264.7838
265.1218
272.5846
289.9604
327.1556
333.1310
308.5290
262.0777
236.0122
222.0790
191.9666
188.6911
181.2014
176.2576
177.3830
175.3848
182.5941
188.3510
209.3761
235.6498
215.5375
217.4360
221.0063
222.6009
228.1716
246.7881
249.4928
246.1957
282.3126
302.1201
318.5014
318.2435
303.7015
306.5360
318.9625
318.2260
302.1317
308.2793
302.7602
287.9311
272.5623
263.7547
268.2574
274.4206
266.0066
258.0443
254.9357
252.3859
244.1253
242.1976
250.2129
262.0090
304.3816
314.5888
311.0643
282.5998
263.9526
259.1102
252.5190
240.9563
236.4053
225.4596
218.5219
210.4876
208.4430
215.4467
235.7712
240.9043
238.8842
250.3140
250.6830
252.8458
257.8841
262.1870
263.5696
270.6285
308.6819
286.4428
236.7793
223.0442
199.4634
190.3755
171.8659
164.6272
156.7904
150.7317
161.2445
160.3004
167.5018
176.8955
184.2827
194.2216
201.9991
205.9147
209.1464
213.6381
224.1166
221.3841
215.2666
210.8535
225.7663
229.6838
227.4836
213.9174
186.2176
179.2770
185.2104
175.0689
173.8007
164.4750
162.5830
165.3088
172.8291
177.6016
178.3931
188.8147
179.2359
180.3387
186.5807
185.0345
179.9776
204.4114
205.7807
212.0029
242.3235
235.4127
234.6741
233.7673
247.2616
236.9544
206.7968
201.8071
201.2344
197.9306
207.4832
205.8033
207.4570
229.1849
246.4173
232.6630
195.7957
191.6241
198.9071
199.6263
199.6221
208.3118
212.3767
217.9039
261.6638
289.4440
308.0609
311.5430
285.0198
285.9964
262.8433
239.6405
236.1700
224.7940
222.1966
217.6760
231.6976
234.6955
245.4197
246.5032
227.1029
226.4773
212.5952
208.4310
202.0935
202.9850
196.7756
202.4110
236.7841
257.1025
261.2259
249.9892
239.5699
225.7903
200.0502
189.6186
184.1546
174.4694
175.2228
180.5081
184.1138
187.3029
207.3453
237.8789
222.6733
202.1748
195.8885
187.3788
187.9104
186.4594
193.9866
197.9347
227.2665
253.6861
244.2838
247.6856
249.2530
245.2183
217.8411
214.1587
222.4897
200.6495
198.2862
199.2672
195.2186
197.7061
213.7263
213.0789
200.4807
189.5751
181.4286
180.5627
180.1023
180.3657
179.0946
193.6272
225.2640
242.4845
247.0822
260.1936
259.3303
257.8873
252.5352
240.7381
249.9504
252.9833
262.1556
284.8417
292.3599
286.9810
287.9365
282.3012
264.5596
252.7523
265.0303
252.1491
240.8148
237.8723
238.2057
232.9271
252.2822
259.3238
268.8554
276.1024
276.8780
273.2393
275.3703
235.6399
222.8769
230.7030
232.6997
237.9813
240.2643
244.3946
245.8821
237.0125
225.6153
225.7723
216.4306
210.9177
214.3322
215.4415
211.7935
214.5214
225.6648
203.5713
210.9993
216.9266
223.1168
213.1518
204.9628
202.8280
206.1609
199.8538
193.8748
195.6128
199.6061
199.0696
207.0526
228.5442
223.2155
215.0609
214.8540
213.4642
216.2515
225.9160
229.0098
228.4567
283.5604
282.8348
244.2253
206.1768
194.2712
180.0281
162.7633
158.0196
148.5285
143.1098
137.4647
138.4327
148.5406
162.1986
179.2905
189.8841
187.3997
183.8993
182.6833
182.4842
188.4658
189.3467
190.1566
199.5250
245.7127
249.4607
220.5722
199.3837
178.3111
161.4332
149.8138
144.2522
137.6214
118.2617
127.5129
125.2086
132.9622
145.3937
161.9455
176.0309
173.3897
174.2109
172.5263
171.6454
178.0786
177.1692
177.2448
186.9579
224.1718
224.8231
203.2881
172.0721
156.8595
151.8402
135.8489
125.7002
114.6572
109.7973
108.5266
110.1071
112.6343
120.2037
140.8117
156.5837
153.8325
151.7563
118.3487
101.3730
105.4735
109.2427
112.3583
119.0925
152.0921
144.2227
119.8327
106.1308
94.4346
89.7543
115.0568
118.8955
101.0505
103.1519
108.3326
113.3209
117.7953
124.6059
136.6313
142.1819
155.8075
155.0281
150.9640
157.7037
160.1158
164.4551
165.7724
176.7059
213.0277
215.0593
196.2404
173.6852
137.4806
126.9861
108.5442
98.9423
94.2971
96.9461
98.2254
98.6686
96.9870
99.0946
104.4167
127.5027
128.8698
128.9075
131.1424
140.8408
148.0744
155.9526
169.5994
199.9866
213.5049
189.6150
153.5322
140.1822
127.0213
116.8503
114.3321
108.7727
102.2360
100.4274
99.8221
99.7697
100.3497
108.2413
115.4541
131.8310
138.8710
139.8471
141.0792
144.3379
143.1182
132.1294
152.4656
163.3955
178.9794
174.3092
181.8951
188.6206
191.6070
203.8232
199.7676
192.6592
196.6136
196.8189
192.3538
198.4630
200.1600
196.1056
198.7502
200.7800
196.4503
192.0726
193.5325
187.2836
189.7792
190.5410
195.4269
202.0560
239.3711
272.3460
291.9859
286.7670
281.7384
278.3474
261.5874
259.6167
269.7535
279.5641
287.3929
290.5032
281.3765
276.5445
257.9014
252.3048
234.6021
230.8970
229.7456
221.6871
224.9674
224.5089
226.2110
267.5146
336.5508
360.8886
357.7387
360.3186
342.4362
327.0434
298.3934
291.8120
293.5073
286.0461
276.1769
281.6749
269.8238
257.2509
277.8213
283.3847
254.8599
239.2835
235.4368
228.2606
231.1006
231.0356
231.3341
244.9001
300.7518
339.3123
330.1188
296.4735
283.7898
244.1799
236.7036
232.1213
230.3931
236.2825
229.0421
236.8862
244.0335
242.7306
247.2728
269.6852
256.5796
257.2890
260.7793
258.2181
242.3181
230.7712
242.0557
252.8583
301.6016
322.8521
290.0870
234.7856
221.0590
209.2614
204.1097
187.6848
184.7624
182.7496
184.7223
183.1567
190.2806
195.6260
216.0875
235.1538
233.5855
233.8529
232.9066
227.9623
233.4629
244.7139
263.0419
274.1150
283.0170
290.6092
261.2822
235.6548
229.1366
195.0980
192.0779
186.4282
173.9991
171.5974
170.9567
171.8407
181.2223
187.0944
192.7339
202.2772
200.4688
204.6804
215.5017
226.4700
226.7566
215.7843
212.6482
218.8036
218.7102
203.6740
214.9864
202.5155
189.4749
184.7633
193.4204
186.6837
220.5256
206.9891
180.2761
179.5005
182.2974
177.6650
201.2001
213.4133
218.2800
220.9377
220.3399
226.4333
227.4736
228.8706
231.0547
236.7623
232.8803
206.2940
193.1064
193.2844
184.7524
174.1855
170.4268
163.7423
162.6351
161.5135
150.8395
148.5616
172.8409
180.5950
187.5178
197.5576
196.6894
198.5756
198.2861
196.1969
195.3777
189.0929
183.6959
186.5959
222.5065
271.6637
281.2373
276.1170
309.5964
283.8030
273.2883
262.2944
223.9724
221.6882
227.9719
217.4298
211.9394
215.2116
235.4230
241.6839
245.4147
221.4966
200.4971
209.2091
221.7085
237.0917
248.7270
265.0460
295.0197
283.0138
256.3194
203.7654
190.0214
174.8449
166.2594
160.4742
158.9697
149.6328
153.0639
157.3540
152.0605
188.3310
189.4081
224.8394
217.8810
205.6283
209.5725
204.8726
199.7581
202.3869
218.4726
239.9398
270.0504
262.4353
211.9106
174.3979
164.5725
152.3910
156.5297
154.8941
156.8608
170.4234
163.5793
170.5615
185.1924
185.5652
186.3544
203.7349
201.2696
200.9382
199.3874
208.6599
214.5009
214.1461
219.4783
233.8889
275.2412
285.0103
263.6261
236.3320
220.9669
202.0330
180.2355
181.7703
178.4871
173.4716
177.0321
177.9925
178.9332
188.1915
199.9314
221.6564
220.0041
217.7188
232.4407
219.4267
224.1277
232.6189
230.4776
242.1456
264.1081
270.6503
238.6503
209.6587
183.5099
178.0087
161.0439
157.4793
157.3179
154.4143
153.8248
154.9055
155.0005
156.1031
159.3998
167.8185
183.1616
188.3004
194.0803
217.8709
222.4750
223.2298
228.0554
234.6060
230.1139
199.4201
180.0986
172.5650
166.3439
163.8514
160.1055
158.7142
150.0567
143.7352
143.5635
149.7163
154.1788
153.3001
157.5588
160.4038
166.7984
182.3363
187.6169
200.0110
203.9859
208.5010
219.1579
223.8908
217.8152
181.0855
153.5790
155.9193
153.1165
144.8692
133.2168
128.8625
122.6158
126.4328
127.4326
129.3311
135.1692
148.5029
151.6367
153.3435
157.2619
169.6728
175.9969
182.9867
184.2806
204.2066
212.0762
220.3676
229.3356
200.5684
181.7419
157.1787
153.4819
135.5505
114.8610
119.7210
114.1447
122.1185
130.5646
130.7749
135.9163
134.8095
150.3291
159.3011
163.6982
164.7116
157.6875
151.9340
151.7165
157.9262
157.8701
155.3076
167.1136
163.7309
149.5061
138.4872
132.1887
121.6567
118.3318
114.3016
121.1681
121.8448
122.1464
131.7560
135.8627
138.2270
137.7503
152.2797
155.9332
158.6209
154.0347
152.3423
158.4109
157.5917
156.9473
151.3347
154.3010
153.7600
145.0824
123.5601
98.9293
100.9334
102.7563
100.1677
95.9167
93.4518
93.4528
101.1279
105.0427
108.6777
120.7449
134.1003
134.0841
133.8153
134.5298
132.3755
132.0250
133.0279
137.3203
129.0126
143.6959
142.1575
145.7024
128.0771
118.0369
122.1244
111.4379
124.4266
130.5908
124.1103
131.9476
142.5129
143.1556
144.3851
145.0661
146.4458
143.4128
145.3477
144.7764
144.0278
143.6593
144.1388
145.2242
144.5669
164.2695
158.6998
144.6770
129.8263
107.2873
104.6399
96.8638
91.5397
89.7411
88.6394
89.2513
94.0583
95.7655
100.3371
111.9811
114.3227
116.4555
114.9018
110.8021
110.0872
106.7620
107.0828
113.0484
116.3372
130.9756
122.4009
123.2707
123.7982
109.9011
106.9611
97.3044
93.2169
88.1900
85.2818
87.2958
93.0652
96.6940
95.4535
90.7619
99.5431
113.8545
115.2895
119.6013
126.5144
121.8905
119.6034
125.3365
129.7002
129.7831
112.8777
103.6374
106.7017
100.2598
96.1620
91.3479
87.7239
83.4550
79.3716
86.4966
86.9021
89.8484
94.5225
111.2079
128.9242
132.3925
126.1854
120.0220
122.6753
118.0239
116.3067
118.8746
124.6483
132.0708
132.4947
116.1663
100.9424
89.8184
86.2265
80.0767
77.7403
75.4110
76.3046
81.8704
90.9492
94.1965
101.3633
121.7481
134.1666
128.3641
124.5552
113.5715
105.0618
104.4533
99.9304
102.5421
111.2159
132.7278
135.6271
126.4568
130.7522
129.2815
132.5386
134.9970
123.4265
112.6761
100.1460
99.1868
99.3487
102.7072
109.0988
139.4119
157.5564
162.5821
153.2893
142.5958
138.8222
141.7262
132.7345
140.6842
137.9059
145.6373
151.4018
157.2921
151.4163
143.4858
132.4999
124.9584
118.9718
106.9326
100.2501
92.8342
89.5339
94.6017
101.7618
114.6947
127.2133
131.8403
130.2454
132.9073
132.0827
136.6404
150.7225
153.0518
157.3623
161.3619
146.7818
143.4460
137.9410
134.3308
124.1711
118.2838
112.5194
112.2177
110.0169
107.4725
107.1556
114.0547
121.2516
125.0382
125.0692
123.5973
121.8315
122.2742
121.0021
124.6172
121.7685
118.9809
120.6369
131.7497
140.2602
138.8398
128.1227
116.3496
108.8565
106.3634
101.4051
92.6844
100.7740
104.3240
107.1017
111.7599
112.4726
123.6607
126.3329
126.4762
126.2268
125.7814
119.8472
117.1283
117.7161
120.4679
118.6888
123.4937
123.7588
122.9626
125.2295
123.9665
112.8868
98.7798
91.8263
85.2761
82.8983
84.3315
86.4444
92.7540
92.8016
98.1758
109.5011
118.2239
121.7301
125.8760
125.7884
123.4653
125.8820
126.2092
127.0417
124.4546
110.8576
93.6435
93.8648
96.4235
90.6965
88.1570
85.7657
91.1573
89.1545
88.5308
91.0970
95.2955
96.5721
101.4582
96.8903
98.2739
90.6956
87.2528
94.6346
90.1749
91.7578
97.0134
100.5119
107.9158
108.2391
94.2982
81.7477
82.1131
78.8105
72.0676
68.4285
66.5125
69.3823
72.9630
75.3251
79.2805
85.0425
84.5080
86.8467
87.4279
81.4365
74.5127
71.4871
72.6972
73.3019
73.8522
80.2859
102.9027
109.6919
97.9749
85.8396
87.0323
96.7665
86.5766
85.6345
80.2467
91.8924
88.6140
94.5566
101.6985
97.9234
108.9557
109.2499
109.5267
105.1563
98.6399
94.1501
95.1914
92.1418
91.1253
94.5819
111.5001
117.4864
103.9706
89.0213
77.1913
78.8638
80.8346
79.2264
77.3438
75.2226
78.8244
87.2658
87.8917
89.3679
97.2866
99.7905
110.9631
110.9486
106.4764
105.7044
108.6204
112.4781
112.1886
113.7571
120.5978
126.1438
118.5010
108.6992
101.2706
97.8102
89.2304
90.5101
85.5079
83.0402
88.5306
93.6113
98.3219
103.4531
110.2880
111.5221
114.2535
112.2581
105.4797
102.5330
102.2942
105.4775
109.9161
113.0372
119.1078
122.3327
114.9956
111.0932
105.5514
99.0579
91.9364
92.3884
90.9124
86.6847
88.1240
92.4432
96.8501
96.9712
91.0210
91.3032
93.0723
85.0162
91.7397
91.5777
99.0364
95.0022
102.5210
103.4564
107.2184
101.6891
98.1760
99.7369
96.9824
94.1724
94.2499
85.7548
82.1098
86.0979
87.7772
93.0782
98.8643
102.4017
100.5077
102.8275
94.7574
95.1373
94.2593
100.4028
100.2891
103.4071
102.4757
102.7157
100.7885
89.8831
92.8168
95.6285
93.9756
94.2462
88.6328
83.9097
78.7360
80.0337
81.6414
81.7196
89.7374
93.1685
92.7235
92.6374
106.8764
106.7125
106.4365
105.9479
107.5472
114.3723
114.7237
118.4964
123.7674
101.8042
104.6687
97.9873
105.1177
97.7509
101.8525
103.6250
100.9192
97.0945
98.3938
84.8899
89.6657
95.8609
100.2022
100.3565
104.6554
100.9416
92.8427
92.5192
91.6078
93.3096
96.5392
102.6336
114.7473
116.2119
104.9558
90.8264
88.2310
80.8430
59.0608
31.1028
32.4570
31.4603
32.6468
38.1054
36.9680
35.9051
37.5772
40.7191
49.8944
48.8728
42.4717
42.4822
43.7591
37.2360
36.5157
36.2891
41.2756
49.9053
41.7220
35.5132
33.8622
31.8081
30.7867
27.2554
28.7474
30.2072
28.9627
30.0760
33.3816
34.4346
35.2299
36.2854
38.0364
39.0133
36.8124
35.5638
34.0596
37.3384
41.3962
46.4256
62.2800
64.4970
53.8635
41.9220
47.9658
48.6295
47.3635
39.3668
37.8384
34.5742
32.7655
32.8303
33.0877
34.8996
39.0041
52.2520
53.0715
52.1121
50.9050
55.3982
57.0412
59.4407
65.4598
65.7136
74.7662
79.7037
70.5007
58.8706
57.1418
50.4561
46.2546
39.3070
34.5784
33.0403
34.0516
33.7690
33.8968
35.5627
38.6361
41.5919
44.4895
44.4688
42.2836
41.0065
39.3369
41.4054
41.6045
41.0100
43.1349
39.2494
41.5854
39.6639
40.1732
39.1441
35.1684
33.4327
30.4553
29.5178
28.7925
28.7927
29.6391
36.0314
36.9520
37.7161
37.8900
38.2036
38.1467
38.2809
41.6215
43.4101
36.3808
32.9861
33.4444
29.1062
31.5482
35.1741
35.1652
34.5409
29.8738
27.6563
25.1637
21.6855
21.6336
23.6483
26.3680
27.1927
28.8360
32.8359
34.4843
30.6999
27.3055
26.1787
25.3769
33.4927
33.7314
37.4630
43.7262
44.6459
39.1032
28.3288
27.5918
27.1210
27.0535
24.9299
23.2806
21.2665
22.8916
24.2135
25.1284
26.6325
29.8869
35.7847
37.4093
35.8152
29.7267
19.6470
15.5136
15.5252
20.6894
32.3287
38.8831
42.1750
41.7629
38.6402
30.6121
30.8884
28.7961
35.7754
36.4935
31.3335
24.5672
26.8483
26.9231
27.7636
31.7406
33.3143
35.8869
28.5853
24.2592
23.9722
21.1662
15.5861
16.7634
20.0182
33.0654
42.4810
40.9292
26.7675
26.6612
26.2824
36.3745
66.1939
63.5807
64.4482
65.3047
67.2647
71.7132
59.7307
73.4921
75.7018
77.4727
76.4457
68.7441
67.6316
70.9331
71.1498
66.3530
72.5593
88.5084
96.3751
88.9417
79.3589
75.2262
73.4299
72.6800
68.1558
67.6463
66.7588
67.6419
70.9620
72.7720
71.8121
72.7700
75.1860
77.2275
74.5571
70.3331
65.6413
64.0548
68.4176
67.3892
67.5977
81.0837
90.8731
84.4779
75.5506
71.0409
70.6546
71.2978
70.1828
69.8852
69.3269
69.1708
70.7759
69.8308
68.8078
68.5527
68.4871
71.2005
73.2989
71.8608
72.0799
72.7288
76.6735
80.9701
76.1424
73.6706
66.3906
70.5433
71.9102
74.8036
75.6123
74.3079
70.8357
66.6361
64.1885
63.9298
65.7334
68.5246
68.7472
68.3715
66.7578
66.9714
69.9708
70.2987
74.4655
73.1199
73.9199
76.7464
76.7190
72.6554
62.2134
65.0939
69.5398
70.3796
72.8951
72.2151
68.9994
66.5557
63.1753
62.9941
66.4564
69.3484
70.9923
74.1067
75.4823
74.5218
73.4804
69.8123
68.9535
69.8499
71.0722
74.3311
77.0803
81.6083
82.6752
76.3484
66.8470
68.6016
69.0361
68.3302
66.3753
66.6428
65.8567
67.4413
71.7154
72.2618
73.3400
73.5334
76.2532
76.2109
69.9242
62.0621
56.5707
57.4537
57.2313
56.4553
61.3489
73.2647
80.0324
76.4992
71.7270
70.1860
60.4938
65.3718
67.0047
66.7100
65.5336
65.0849
67.3062
69.3824
70.1528
70.7057
72.7421
73.1028
67.8091
62.4744
58.4401
57.3899
56.1083
57.4732
59.6657
69.7149
77.6884
73.9174
71.3842
69.9242
70.2597
69.1952
67.7413
67.3281
65.5388
65.7609
69.2421
71.5275
71.4897
72.6408
73.7253
73.1370
68.0901
61.4996
55.4991
55.0655
53.6401
52.6084
55.3217
67.7588
81.2194
81.3698
74.0222
70.3755
69.3677
68.6482
66.0537
67.0508
66.7541
65.9807
66.3264
67.6482
66.6854
66.7597
67.9421
65.4142
65.0445
61.0296
55.4514
49.5924
48.8394
45.2246
49.7095
60.9507
73.9390
75.1747
67.6918
67.5111
66.4232
65.0840
66.7140
66.9739
64.9369
66.7386
68.5058
64.8274
62.4995
62.1503
59.7526
59.8301
58.2798
53.9446
48.7050
44.9548
44.1880
44.7604
46.6283
48.9999
54.0744
61.1482
66.8731
67.1466
68.6955
70.6513
65.9636
70.7053
75.0155
75.7859
76.8439
76.7105
75.1756
74.5615
72.0705
68.3692
67.3847
64.1542
60.3259
57.5303
56.3801
54.8344
55.9115
57.7055
65.3824
71.9747
76.8519
80.7877
80.2330
64.2904
65.4508
66.9613
72.3113
76.6580
80.4973
80.4838
80.5291
80.5196
82.6843
83.0338
74.7944
67.4028
61.6950
60.0390
60.5736
61.0723
65.5815
81.7483
89.0513
86.6419
81.6882
79.3224
80.4551
78.9817
73.8491
73.1062
75.2141
76.1810
77.5599
79.3437
77.7248
79.4477
78.2975
74.4808
72.3611
65.8828
61.3243
59.5308
57.8736
58.0629
62.5253
76.7577
83.2613
81.9182
75.3095
72.8799
75.4118
77.2980
70.7111
76.8382
77.4059
80.4853
80.2468
80.0694
71.9161
82.3466
83.6432
82.9864
82.0321
75.2557
70.8330
66.8064
68.5456
64.3186
69.5776
82.9868
85.8584
75.8380
68.5991
67.5103
66.4065
64.6508
65.2308
66.5374
65.8946
73.8007
79.3666
81.1164
78.9329
80.4580
82.0573
83.0214
79.0598
73.2913
66.4422
63.8006
65.4903
67.1428
69.1157
79.9944
86.3386
72.3814
69.4647
68.9188
74.1516
74.7175
74.3304
75.1238
75.5680
77.5112
77.3946
78.5864
78.7473
75.6674
82.0720
82.5624
80.5122
76.4681
74.1118
73.0193
73.3667
74.7151
77.0338
85.8986
92.0222
88.0893
81.5080
80.5249
78.6610
76.7662
75.0805
74.7524
73.3021
74.2417
75.0605
74.8335
74.3477
72.3663
74.8440
76.4576
75.9813
74.5564
72.5913
71.2006
68.3505
65.4579
66.0188
70.7432
73.1521
79.0071
83.3001
83.5292
83.3308
80.3273
77.6447
76.2988
74.9797
74.3374
73.5637
73.2323
72.8523
72.6061
71.7770
73.2893
73.1953
70.2068
68.1750
66.7883
67.3284
61.9474
55.6581
56.3559
59.1853
63.9178
68.6252
70.8915
70.6317
66.5348
64.7605
64.2157
64.2751
65.2320
67.3533
70.4674
71.4685
74.9091
73.0013
73.2235
69.9799
65.0804
60.5978
58.6673
57.9963
59.4943
60.7652
71.5993
82.7251
78.9483
72.0547
70.3615
70.4783
71.4761
70.1280
66.0671
64.2309
67.7676
74.6934
78.2304
75.0890
75.5586
77.4590
78.6576
73.9700
67.0558
62.7750
61.3785
61.7926
61.3200
63.3105
75.9921
87.4676
84.9638
77.8675
79.7508
78.8611
79.1374
76.7325
73.2251
77.0001
76.2774
78.4843
76.2744
75.1848
70.8707
73.2127
72.9042
69.5554
63.0477
59.8917
59.6372
60.7955
61.4767
62.2803
71.0877
82.2283
79.8493
72.7803
66.1676
62.2493
60.5979
61.3469
62.1459
60.1750
60.3558
62.2608
63.0884
63.6298
63.7109
64.3153
67.5807
68.6953
64.0139
59.5802
57.6149
56.6978
57.5717
60.0816
69.4636
78.7354
76.5308
77.2037
76.5811
75.1401
71.1903
71.2735
70.2673
70.4425
73.4105
75.0347
76.9923
77.3325
77.0537
78.1172
78.1468
73.9544
68.0601
64.2656
62.0412
61.5016
62.0475
64.2940
73.9253
83.9890
83.8480
78.0066
75.5095
74.3640
75.2006
73.7299
74.3104
73.8679
73.2493
74.0489
72.8186
72.0271
71.0412
69.8830
71.9261
72.1479
73.0126
71.6868
67.7643
66.5765
66.3150
67.1437
68.8632
70.5157
79.2530
83.9309
83.7964
82.1554
77.9563
75.1533
73.2216
72.6151
72.4401
74.2126
76.3240
76.7459
75.8490
74.8393
75.3715
72.9134
70.1535
68.5512
67.3251
66.6812
72.9871
75.2652
78.4580
76.9730
77.8980
77.5438
76.8747
81.6483
81.7733
90.3999
83.6986
83.2897
84.5071
84.7663
82.9802
80.8854
84.1463
86.9989
89.1833
88.2555
87.4758
86.7715
86.5595
86.9622
84.2786
84.3419
97.3273
96.3765
94.6418
87.4871
83.5158
80.1786
76.3337
76.2970
74.4316
72.7903
73.6208
75.6648
78.9855
83.2482
86.4631
85.9816
84.4161
77.1213
74.1894
73.3892
73.9007
73.7337
73.8669
77.4795
89.6397
95.7468
93.9252
88.5605
88.1222
86.0273
83.2260
79.8405
77.3513
71.6836
73.6822
76.3195
78.8350
78.1204
79.6801
82.3639
82.8506
81.3206
76.7053
75.2522
77.6282
79.4476
79.7852
79.6953
86.5737
90.4201
87.9466
80.5444
80.0870
79.0546
77.5050
77.4119
75.2616
73.4603
74.8053
76.1289
79.7259
81.2188
83.7056
84.3698
82.9582
80.8910
80.6353
76.7192
73.4549
72.5184
72.7586
79.3230
90.0595
94.1146
90.0270
86.2430
83.4751
88.8222
94.1494
82.9212
84.3457
77.5043
78.4609
81.5882
80.4830
81.2491
79.1153
82.7007
87.7264
88.9805
82.9966
80.9614
82.1695
83.4669
82.8041
82.3631
90.4619
94.1818
89.0999
82.7565
78.3491
77.5271
76.0467
75.2265
73.5922
71.8533
71.9758
73.9276
75.4257
75.5605
84.5029
81.9981
79.7197
77.1341
74.1315
72.9340
72.0577
72.6481
72.1464
67.1813
67.3797
69.7562
71.8945
73.7904
76.2814
74.3283
73.2036
72.0744
70.4990
68.7004
68.9566
70.9289
71.8046
70.8085
71.3047
70.5216
70.5686
70.0300
67.8279
65.2923
66.2898
67.2840
66.5563
65.2803
66.6430
64.9534
68.8981
71.9861
71.9087
71.5389
70.3121
70.3352
68.5330
67.4737
67.0228
68.3612
70.4207
72.2892
72.1713
72.5234
72.6509
70.8818
66.8260
63.9813
64.6663
64.3646
64.3258
64.0397
69.6206
73.0430
72.1366
58.6377
57.4402
57.4977
57.8100
69.2724
71.0636
70.9143
73.9834
79.1720
81.6107
79.5829
81.3947
79.6464
76.0611
68.3675
63.1868
65.1527
64.3916
63.8175
64.4351
63.9002
70.9188
74.8168
78.1955
73.0984
73.7986
76.8693
75.1947
76.4734
75.2311
74.2174
77.5383
78.7771
81.5024
83.2455
84.5335
85.8338
84.4895
77.5068
74.7884
71.0420
68.3822
66.4326
65.7922
66.5685
75.1071
79.7260
81.3175
79.1449
78.1716
81.7193
82.7642
82.9322
80.6680
83.2795
79.7218
78.3128
80.7246
81.9485
80.9875
80.4623
77.8752
75.4146
71.3912
68.2821
67.4173
68.4308
68.9527
72.0322
81.4200
85.1977
84.4708
80.6241
78.7263
78.8739
76.1770
74.8468
73.1140
73.1176
75.8522
82.9266
78.8417
76.9515
76.6594
77.4429
78.7453
77.3025
75.5328
66.6031
72.0327
73.8761
76.7850
81.6382
83.8521
86.9406
84.3951
81.1379
76.6219
77.5787
76.4342
76.8413
73.7579
73.3639
72.1524
73.3343
75.6196
76.8515
78.1914
79.3577
80.1154
80.6707
78.1895
73.2692
70.1902
66.6098
64.1142
65.0816
69.6062
70.6930
74.9629
85.7985
84.5022
84.6496
84.5155
83.0891
84.1353
88.1597
86.9928
86.0280
85.9000
86.4705
85.0286
82.7471
79.4484
74.4948
71.6479
70.0777
70.1458
65.9361
67.2458
66.6725
72.1390
73.6186
78.1810
76.1917
75.6511
74.6465
73.9322
79.1429
80.8699
80.4195
77.9706
78.1870
79.6722
81.0925
81.7982
82.9885
80.4363
77.4826
74.4569
70.4832
70.3249
69.2548
67.3999
68.4889
77.2228
81.3844
86.3191
82.7695
82.6630
81.2501
78.8222
79.1838
78.2702
78.5564
75.8429
76.9838
77.6684
79.3193
79.3236
79.6627
80.8977
79.8088
77.0293
76.9119
76.5504
79.0198
77.3042
77.2396
84.6760
85.7489
85.8338
83.4797
81.6574
76.8906
75.8199
73.4450
72.3297
72.2887
77.9345
76.2347
75.9634
75.6981
78.2770
79.2873
84.3841
81.5102
76.7475
76.2295
76.9980
78.5657
81.5619
82.8920
87.2830
86.3708
88.1923
88.8745
86.9601
83.1466
77.6679
76.1909
74.8471
73.4567
81.0634
85.0277
80.3013
81.2896
83.2215
87.9446
86.3332
84.0408
81.4091
82.2736
84.8353
87.8574
90.3110
89.3719
93.3205
92.8490
87.6881
84.7093
81.8372
77.3399
76.3064
74.4012
73.4676
72.9259
72.8152
72.6446
75.6094
96.0672
89.0057
87.3301
90.0573
91.1108
87.7632
86.8573
88.3435
88.7001
90.3013
92.1828
100.7265
99.8098
95.9822
85.8286
83.3378
83.4547
78.3755
80.4210
77.2864
74.4812
79.1052
82.1622
83.6138
84.0088
85.9043
89.2716
91.1984
88.7666
83.3284
80.9501
77.4192
75.8617
75.2984
77.1414
82.8040
84.5127
85.0552
94.0275
85.9143
83.9353
82.1282
94.7112
94.9501
89.9245
88.9800
81.6240
79.8637
81.9498
83.8795
86.8432
91.4442
90.6161
90.9584
91.5575
90.6584
92.1090
93.9535
95.4887
95.8337
88.8749
85.0309
81.2360
80.6486
79.7335
77.3727
75.7490
74.5563
72.9235
72.6798
73.8622
78.4936
79.4653
81.0113
82.8866
83.9892
84.9797
83.7202
83.1390
81.7563
81.2922
81.3413
82.1243
86.4244
86.6483
87.4393
85.3889
83.3938
79.8101
80.3367
81.0247
83.7518
83.2488
92.2888
95.7765
99.3681
97.9976
95.6930
97.4133
93.0273
86.6577
80.4109
78.1692
76.3580
76.0534
75.8165
77.2621
85.1173
88.3753
90.8347
86.0289
71.5278
79.7424
81.9648
82.9535
79.2816
75.9543
77.9644
78.5015
81.5486
84.9425
81.3354
87.2342
89.1893
87.0078
81.4329
78.4628
76.0647
75.0923
75.7933
78.2347
87.9588
91.9344
90.4789
89.1170
88.1679
84.5333
80.7108
85.9023
80.1988
80.4144
78.0265
76.6807
81.0571
82.1187
81.7610
85.6426
89.3037
87.0346
85.0925
82.5351
80.6999
82.1674
80.8480
82.4861
90.6956
92.8334
93.0737
91.8319
90.3376
83.0255
80.1273
82.2081
77.7363
76.9166
77.5144
76.2921
75.7765
76.0591
71.1819
74.8893
78.7697
77.5803
73.8997
72.6634
73.2771
72.7406
65.3877
67.4699
78.8522
81.1377
81.4656
76.6226
76.7421
74.9703
72.5648
70.3379
66.0609
65.3333
65.7649
64.8680
66.4972
65.5300
67.2899
70.0084
69.2010
66.0202
60.0286
62.7038
69.3197
72.6410
73.3324
72.5374
77.6506
81.9541
81.7214
82.8861
80.5573
77.7843
76.0251
74.7321
72.9492
71.4569
73.1331
74.3748
76.2510
77.4586
76.6617
76.2832
77.8685
77.0877
75.9341
75.2749
74.6152
72.2872
70.7906
70.5557
73.3508
73.7796
77.2570
78.3457
79.5233
82.2153
84.5793
82.4260
80.3376
81.2900
83.6460
79.7233
81.1478
81.9140
83.7390
84.1732
83.7085
79.9553
75.1898
71.4457
70.0902
70.4653
72.2873
75.5949
86.4289
93.1857
90.0552
83.8912
84.0896
82.5874
84.0491
86.1767
85.8929
73.6088
67.7596
74.9031
81.1569
79.4474
72.1285
64.4772
67.7615
66.5719
62.9466
62.8257
73.7443
89.3288
88.8379
88.9798
93.8908
99.7814
95.8924
87.2426
83.0855
82.7438
85.0107
87.3006
82.0043
79.7424
79.4049
81.5207
84.1218
84.6868
85.2155
86.9092
89.5134
83.9479
77.7070
75.1846
73.8799
75.2137
75.5900
76.3766
87.9071
96.7883
91.3905
83.1336
81.2697
76.6566
73.7981
75.7964
74.5967
70.3528
74.2969
78.0800
77.9230
79.1298
87.0523
89.7023
86.0968
82.9514
76.1825
73.9799
75.7158
73.9908
76.3849
78.6912
88.4615
92.5134
90.7816
84.2403
81.9786
77.1912
75.9386
75.3617
75.0095
71.3874
74.8956
76.6483
78.0617
78.7881
79.0010
80.5648
83.2167
80.8675
80.9822
79.6404
77.0657
74.0148
73.9208
74.3340
83.5637
89.7345
89.7555
85.3785
82.3972
82.6992
79.7821
74.6380
75.3187
75.9843
78.9089
78.7034
80.0755
79.4213
81.3942
84.4267
84.4100
81.9628
78.7641
75.4265
73.2638
73.1871
72.8929
76.8783
86.9631
88.1024
88.0339
90.8291
90.0872
91.1755
88.7607
85.1134
81.1773
75.2778
82.7055
90.5873
86.6732
92.4841
88.6760
90.0793
88.8793
86.7599
84.0369
83.2448
80.9925
80.1713
80.2354
81.8159
87.8002
86.8652
88.6666
90.6117
89.4516
89.6346
88.4044
89.5024
84.6877
79.4583
79.6637
80.4169
77.5926
69.2469
72.1910
76.0876
76.9320
76.0267
71.3179
65.4556
65.4323
68.0640
74.3527
81.7612
84.8070
88.7713
91.5994
95.5840
84.7948
84.5296
86.2459
81.3299
78.6904
81.1388
81.6931
81.8006
79.7867
80.3504
80.6757
81.7467
75.7455
75.8367
76.1445
76.3907
77.1427
77.6285
78.6748
77.4226
78.3912
82.1713
83.5419
83.4862
79.8519
79.3765
79.3932
76.1424
76.2135
75.8187
75.5414
73.3345
74.9068
74.8694
75.3977
75.4036
76.7575
76.7027
75.7731
73.9119
75.2327
75.1596
75.6356
75.4798
84.7514
87.9142
88.3205
89.8374
90.4610
90.3075
87.4427
82.4943
78.1707
82.0637
82.6042
80.6084
80.9262
81.0814
81.4066
82.4400
83.5881
83.3226
81.8598
81.8515
81.2438
81.2172
81.6812
82.4284
91.9442
101.9259
97.4200
83.9057
83.6725
81.4517
82.3711
77.8660
77.6190
76.6901
75.8361
76.2191
75.9116
75.8773
76.0823
80.1408
82.5417
80.6208
78.1509
77.3090
77.0180
76.7487
76.9795
77.4378
69.9862
78.9019
74.1044
73.4511
73.8019
68.9446
69.6673
69.6590
72.7991
67.6766
71.3145
74.2236
73.6485
75.7932
76.7793
77.0698
78.3971
78.1077
72.7385
64.7526
63.8859
62.9387
62.4912
65.9971
68.2455
67.5717
71.1472
77.7773
80.6583
79.5861
74.4637
73.5297
73.7790
75.0409
73.7217
73.1229
75.4837
74.2166
73.4863
75.5166
76.2664
76.8041
76.8044
74.3389
71.3874
67.0137
66.2630
65.9081
69.7767
73.1074
73.5717
73.4280
77.1025
82.2642
82.3151
77.0560
76.4487
75.2809
73.2398
69.7565
69.6080
77.0176
77.0271
75.3421
78.3592
63.3577
66.2266
75.9264
75.0315
71.9491
72.0117
73.9509
76.2812
85.1122
79.8218
74.2923
73.5299
68.4723
62.5394
62.8397
67.7013
67.3208
70.7824
80.9818
80.3934
80.4234
81.4845
79.3481
78.1985
74.2434
75.4861
75.4861
75.4861
75.4861
75.4861
75.4861
75.4861
75.4861
75.4861
75.4861
75.4861
75.4861
75.4861
75.4861
75.4861
75.4861
75.4861
75.4861
75.4861
75.4861
75.4861
75.4861
75.4861
75.4861
75.4861
75.4861
75.4861
75.4861
75.4861
75.4861
75.4861
75.4861
75.4861
75.4861
75.4861
75.4861
75.4861
75.4861
75.4861
75.4861
75.4861
75.4861
75.4861
75.4861
75.4861
75.4861
75.4861
75.4861
75.4861
75.4861
75.4861
75.4861
75.4861
75.4861
75.4861
68.3269
71.2426
71.4735
22.4821
23.4883
25.0052
25.3972
21.5379
64.0974
60.4454
65.6026
65.4155
66.4184
69.0808
71.7033
74.1103
72.3816
63.6503
48.0996
48.0410
48.1064
48.2405
48.3130
48.1838
47.1520
48.3708
48.4190
48.5044
48.4003
48.2981
48.3278
48.1326
48.4753
0.6813
0.6578
0.6752
65.6429
66.5267
66.7602
66.8384
66.6175
66.4322
62.7850
67.7985
61.8676
61.0676
61.1595
61.2785
62.7945
68.2508
67.8076
71.0954
73.8187
73.1695
71.4338
69.6325
68.3730
67.8389
68.2298
65.8220
68.1503
67.0655
67.9475
67.5331
66.4415
64.8389
63.4810
62.0522
61.5888
60.2760
60.1211
61.8183
62.1400
64.4424
66.5113
71.8980
73.1531
72.6149
70.6537
70.0776
70.7370
70.7196
70.9440
70.4622
71.1968
74.0147
76.8543
74.3169
70.4450
64.9600
61.6959
61.3087
59.7014
59.7623
61.6066
68.4948
77.2320
80.1247
73.6883
70.8811
69.4794
67.7888
64.3593
63.7343
64.3631
58.8412
65.0850
67.5316
67.7563
68.8797
71.6590
70.2265
66.8450
63.8762
63.2392
62.8138
61.0849
54.5580
59.6723
76.2867
83.0181
72.1814
66.2786
61.5239
63.1990
61.1574
60.4244
62.7556
62.6170
64.7893
68.8770
72.3882
72.8749
74.9017
77.8127
78.0816
76.1160
70.4677
66.1035
64.5747
63.1575
62.4043
64.5607
73.8570
82.6763
85.4828
79.2118
75.4872
72.7570
71.9634
71.4498
67.4557
66.9971
69.5682
77.2246
76.8319
76.3395
77.5797
79.0210
79.1131
73.5066
70.4778
68.1901
66.6851
65.7625
68.0149
71.0312
82.7982
98.2799
85.4017
75.1098
74.1077
73.7104
71.6236
72.1885
72.0709
69.4513
72.0385
73.5496
74.2228
75.5732
75.5631
75.6151
75.5787
70.3679
68.1694
68.8218
67.2348
65.7288
67.6943
67.8018
76.0659
91.9265
86.1029
84.7639
81.1746
79.3795
80.0635
80.6657
79.5103
77.7005
82.2300
82.9931
84.5701
86.4590
84.5854
84.5624
83.5456
80.2576
75.5191
73.4665
73.3253
73.3888
71.6231
72.4452
75.2074
76.6902
74.1308
84.7120
85.4227
85.6550
84.8564
83.5602
80.5104
78.7018
80.1606
83.3161
83.5176
82.4483
82.8497
84.1375
83.7025
77.9471
78.6985
80.3932
80.0416
82.4385
85.3816
87.6057
88.2644
90.6448
93.4532
93.9494
90.0556
89.8481
87.0902
86.1692
83.8681
85.9846
86.7299
88.2465
87.4332
87.5660
88.8818
90.4131
89.3996
84.6040
81.4864
78.0190
77.0384
73.9544
77.3724
79.2682
86.8657
94.5727
90.6991
87.1373
80.2648
74.7626
72.5929
82.3869
72.9924
60.9589
72.4040
73.6358
92.9311
98.3732
100.1064
102.4056
98.1176
93.1181
82.5860
88.4279
88.9941
90.9129
86.8491
83.1528
100.9555
111.7234
109.0116
92.6814
96.1413
97.9563
102.4832
106.4603
99.9118
96.8049
101.2411
99.5098
103.0022
109.5352
114.5474
110.4775
105.0017
107.0822
97.7224
97.2728
92.2458
95.5799
96.8957
99.0626
110.9962
118.0813
112.3480
100.0303
98.5263
96.4340
95.0257
95.1357
95.0960
94.4928
94.2690
97.7810
103.8792
105.4455
109.7196
112.6419
112.7074
110.2552
104.4142
102.8501
100.9865
103.4569
103.7024
106.9994
115.3072
114.1968
115.2453
108.0718
107.9381
100.9674
95.6112
93.9352
90.1075
89.3376
89.9193
91.2902
92.0694
95.4883
104.7777
109.4542
111.0543
107.2208
99.3220
93.3229
88.3028
87.1661
86.3819
92.6808
110.7630
114.4013
109.9858
101.5618
97.4656
93.9975
90.9751
87.7977
82.1243
85.9545
85.5270
86.6531
89.2241
89.4304
93.1939
98.6347
96.7449
92.4174
89.0553
84.1343
80.4192
80.2897
81.8681
86.3954
93.3291
95.5560
97.6037
99.1482
101.0106
98.6212
94.6873
91.3874
87.0636
84.3087
85.1185
84.8482
79.3064
78.5033
81.7803
85.9497
85.7518
83.0999
80.2528
77.5444
75.4526
75.7443
75.6946
80.2440
91.9608
96.1950
97.1168
96.9185
96.5230
97.8784
97.1844
93.2091
90.7681
89.5047
90.7638
92.7903
99.5401
100.0505
101.6637
99.5120
96.5297
94.0479
89.7891
89.7084
88.5495
86.9774
87.4582
90.3892
101.8049
104.7912
102.8377
94.6767
91.1586
87.6205
88.4468
89.7696
93.1966
77.5656
80.8208
82.5180
84.2121
88.6366
90.7011
94.8877
90.7124
78.6570
79.0940
82.0973
76.6679
77.9905
77.9824
83.3056
101.8602
99.8551
90.6902
79.6823
78.1016
78.6962
75.2453
77.0272
74.6783
75.1678
76.8802
79.7536
79.9089
81.1941
84.7176
91.8646
93.9195
85.0111
80.4393
79.3502
81.2151
82.0541
84.3293
88.6881
106.8912
109.1705
107.6442
104.8323
98.1128
94.5627
90.7323
89.2461
86.8871
84.7225
87.1684
90.4854
93.1830
100.5540
105.0508
104.5985
98.9136
89.5924
81.8699
77.4211
74.4840
74.7177
75.3813
80.1121
100.7474
115.3391
105.0850
97.0937
94.1533
90.4529
88.1915
86.8300
85.8022
84.0179
90.3228
93.2277
94.1157
89.3799
92.2632
94.1868
91.4614
85.3170
79.7418
75.3503
72.9672
73.7433
75.3727
80.2133
97.9156
102.2248
102.1195
99.5929
99.2930
99.7770
99.3444
96.2283
91.8945
91.1783
92.0393
91.4505
91.9358
88.2702
88.5644
82.0602
81.0719
81.8185
79.6543
77.2209
76.3406
76.7592
76.9791
79.7794
87.9846
91.2443
96.0008
96.7290
96.8403
95.6959
93.1993
90.7486
87.6674
86.2846
87.5761
91.2114
89.1221
84.5811
85.8651
86.3624
84.6153
83.1545
80.2679
77.2453
75.0627
73.7630
74.5324
74.4689
79.2291
82.9489
86.6017
90.6495
91.9289
93.5618
92.1267
88.4940
82.2844
84.5637
84.3507
83.8147
86.3747
87.8676
86.7465
86.1395
84.1265
81.3853
77.4082
74.6513
71.7713
69.8955
75.0411
78.3037
90.8170
93.4859
90.1613
98.2576
96.7648
87.0854
78.5679
76.0422
70.6238
62.5864
60.7323
67.8249
72.5126
71.7302
72.1826
71.8541
71.4457
70.3219
70.7104
70.8461
69.5233
70.3777
71.1611
73.7715
72.2448
81.2442
77.3512
75.3399
75.9674
74.4412
74.2691
76.2151
76.6120
75.3323
75.0512
75.7123
75.2860
76.0407
80.6530
85.0216
84.3668
82.1976
82.7333
82.8834
82.3922
83.6548
83.3433
85.2028
102.6089
120.9257
109.9390
94.5995
89.4799
86.8076
86.4349
85.2144
86.4084
85.2844
82.7295
83.4677
87.6929
94.9449
97.6810
102.7368
100.9280
97.7179
97.2847
92.7489
93.8856
93.9350
95.6865
100.4318
126.2113
149.8507
138.9194
127.9368
124.4178
119.4198
109.6076
100.9706
89.3909
90.7681
88.8154
92.0541
95.2001
98.2038
104.1367
103.8864
97.2992
92.2122
91.1285
91.2002
90.1693
90.5851
93.1340
92.1640
102.2096
117.7701
112.0477
109.7008
120.1891
122.9412
124.3082
118.8580
112.6179
109.7506
115.6872
129.0050
126.2788
118.3819
118.6416
117.4888
117.0011
115.9741
110.7778
103.2527
98.0494
93.7873
93.2558
93.9075
104.5558
107.4264
109.5345
110.1571
112.1722
115.8657
116.2171
115.0543
113.7107
115.6587
116.8327
116.2374
118.2202
121.0120
115.8320
116.1603
118.6634
120.9814
117.8676
118.8865
118.5403
117.8542
117.7293
117.7429
124.8009
127.8457
126.8257
128.1959
129.4535
128.1064
126.3573
127.8190
117.8029
115.4718
118.4212
120.6929
126.2751
125.5498
126.6511
127.5005
127.4128
128.5760
126.7711
123.7610
113.0291
95.1752
119.6316
122.0180
126.9206
138.2827
138.7806
132.7905
133.4080
134.1272
134.9647
136.1590
135.7768
130.6213
130.7829
129.3116
131.0451
130.2828
127.8162
128.9294
118.7457
104.2086
97.3286
92.9592
90.1236
92.9321
92.4638
97.2782
118.3709
123.2439
121.6523
118.5093
105.3052
111.7298
114.5382
112.0586
109.9388
111.4391
118.0478
120.5518
121.4522
120.9214
123.2886
123.3811
124.7468
126.7378
128.0271
127.7724
127.8872
126.6204
127.1361
128.9024
130.4773
147.6084
148.7345
132.4658
127.4327
145.4342
135.6595
139.0709
135.0011
137.7109
134.9721
135.2233
130.4740
126.5325
128.6561
130.6770
119.7145
108.6784
97.4847
94.0879
93.5363
93.6743
93.9961
99.7273
118.1897
121.5541
115.9774
110.3231
106.1719
107.8042
105.4929
111.6416
114.3474
109.4491
116.5484
123.1643
122.5325
119.2294
123.5278
123.6648
118.4393
114.6975
107.2434
104.3818
106.2140
108.5774
109.4555
113.7559
129.7210
131.0187
128.4869
130.2208
135.6269
136.5794
123.5548
120.4888
116.8222
117.7107
116.4692
117.3470
124.5127
129.2859
133.7870
136.5926
129.8746
130.2444
130.5716
128.2184
124.8059
117.7856
116.9598
120.1388
129.2470
125.7506
126.4089
129.0231
124.7701
126.5354
119.2330
115.2893
109.7854
107.8257
108.6955
112.2420
118.2260
124.3112
129.5163
132.5454
132.6027
133.3889
134.5402
133.5819
137.1505
137.5568
139.6342
141.5152
140.0693
145.0101
140.3773
133.8984
134.2962
128.3216
121.3837
116.6146
117.0506
115.1948
123.9732
131.9904
128.4918
129.9311
129.3233
126.7708
120.6818
117.0976
110.5331
106.2439
85.1183
99.9661
112.7828
116.8185
128.3837
127.5739
98.9829
100.7631
101.8174
101.7329
94.7800
98.0918
115.8945
114.5256
120.2748
124.9415
129.0823
131.4027
133.8783
134.4989
129.0570
118.6730
116.7769
115.7602
117.9687
120.4679
124.2602
132.3078
139.9580
145.0951
136.2472
124.1310
120.3883
118.0832
111.9311
114.6457
105.7950
109.9639
98.9049
102.0295
115.0509
122.4531
120.9858
119.9251
115.1821
106.4926
101.8579
98.8520
99.9760
98.6889
101.9078
105.3890
120.4497
123.9738
125.4522
127.5493
130.4549
119.6851
117.9912
103.6731
117.3574
104.0531
86.4997
104.2605
115.5411
121.4071
124.5475
127.1432
117.2095
106.7218
101.5416
101.0980
96.5626
94.6383
97.9473
109.6179
129.6614
138.7588
136.5011
135.8080
140.1321
139.8411
143.3005
144.0498
139.2118
138.6136
136.9345
127.5270
116.1493
119.8499
117.4488
123.5112
110.0446
104.0545
100.5223
100.0159
104.5102
103.0334
105.8922
108.4387
120.4902
128.3671
124.0647
121.8863
115.3557
117.5441
111.4230
104.9364
104.1821
106.1512
110.7624
118.2907
113.1166
110.6581
103.7424
102.4756
99.6159
91.0918
88.7594
88.8368
88.9154
105.8597
109.1501
122.2060
130.3218
136.3880
138.1530
130.8222
130.4358
125.4244
121.4686
116.7109
116.5951
111.5618
112.9250
120.8291
127.8178
131.5565
132.2707
131.9648
133.2636
135.2988
133.9691
133.3545
134.0090
133.4521
133.5229
138.6985
142.1423
149.1053
148.2875
142.3193
142.2835
142.1324
141.1461
132.8920
128.9693
126.1414
130.9444
133.7804
140.0298
139.0752
140.5560
137.9266
131.4034
118.7250
122.0975
115.3978
112.0240
112.1699
122.2147
120.8315
140.5174
141.6651
144.2981
135.7746
132.4154
130.0760
126.5753
119.9579
114.5846
110.4061
111.7927
122.2192
129.0291
124.2583
133.6406
127.3690
116.9185
113.6065
113.8294
117.6646
118.8658
120.6353
123.1512
128.4250
129.1125
143.9572
136.5183
111.4284
111.7395
110.7884
112.8443
127.5262
120.9356
108.7173
128.4183
133.4908
144.1688
161.5094
169.5607
171.6424
159.6899
151.0514
145.7210
140.4522
136.4515
134.4590
135.6650
143.4871
169.2623
152.3929
151.4021
173.5773
155.2804
146.2883
113.5790
109.2045
135.4463
143.0129
149.5485
112.5011
117.6263
150.3757
160.2177
163.9430
158.0119
146.7166
138.2710
125.6711
130.5592
123.4283
128.2519
134.3598
163.3276
152.4217
149.7984
146.2367
143.9929
160.9118
162.9310
162.7805
157.9009
162.7988
168.4790
165.1479
160.7172
159.7445
169.9983
172.1946
156.5971
152.4835
147.2581
143.9611
138.0136
130.0123
128.7209
137.2623
161.6240
154.8698
147.5736
143.7125
133.4367
127.8856
143.9947
161.4523
150.1846
125.1898
127.1667
127.4639
133.9547
134.4836
137.8940
150.5651
154.1806
151.3404
149.2590
147.6511
148.8488
152.0949
156.4939
163.6312
197.8336
204.6351
209.2438
200.8081
190.9113
181.6397
165.8895
153.5211
137.4802
137.0979
154.9194
180.0847
195.6297
206.2966
205.2378
201.3029
201.7769
203.0056
216.8299
214.9133
216.3209
217.8466
215.1663
216.6074
234.0021
236.5066
243.5699
223.3054
208.7733
198.9064
200.9908
215.7474
213.1606
205.2225
197.5308
192.4623
199.5617
213.5609
217.0821
216.4523
211.7829
209.8236
205.6325
204.0518
202.4634
211.5461
219.0585
227.8820
233.9021
272.1038
273.6351
252.8182
261.8078
240.9020
225.4086
206.9345
213.5500
218.6730
220.0182
218.5078
227.9119
240.9079
245.6096
252.4949
239.5301
225.4004
231.6399
230.1252
229.5780
236.5017
239.3738
224.1876
241.3767
273.6953
290.1040
282.4395
257.4208
238.0175
220.1020
202.5820
200.6158
199.7065
202.6324
211.3104
207.9015
199.7950
210.2488
216.8957
194.4929
180.5217
185.2721
185.0247
175.8051
164.2933
157.8044
139.3515
168.7691
171.6275
169.5172
170.4588
168.4937
166.4558
160.7307
151.9704
151.9617
158.4230
166.4322
172.5587
181.8192
188.0687
188.7367
187.5769
185.3637
182.1370
177.9218
178.4933
180.5511
185.0601
184.6182
185.8664
189.0506
187.9080
189.7227
186.1360
175.0150
171.6043
159.9696
163.2992
163.9476
163.9808
166.4661
165.4140
164.6602
164.2596
163.1864
163.5582
167.2178
168.3211
175.8432
196.0808
195.3739
197.1487
197.0212
195.7090
203.5153
237.3222
226.6358
205.1576
200.1893
200.4023
196.5805
197.2440
200.9386
199.2955
209.7695
213.6791
179.9324
167.4838
189.8402
194.9873
194.2204
194.7922
201.2568
199.1087
200.3014
201.7476
206.2832
199.3063
184.9767
186.2502
192.1662
195.3843
197.3001
195.1438
193.7709
176.8517
172.9597
184.4551
196.7818
194.2980
209.1498
205.6293
206.0123
199.0969
184.8700
192.0451
173.4637
166.4526
168.0692
170.1419
173.8126
179.7298
188.4422
188.4916
184.4496
191.2794
193.3074
191.0361
185.0603
180.5169
186.3640
179.5934
189.5580
195.6504
198.5622
205.6101
215.9447
221.2863
217.1657
213.3309
219.2239
221.5808
223.4600
222.7877
227.9505
243.7544
256.2038
295.9301
305.8052
275.1534
247.0452
237.6216
225.3385
228.7359
221.7398
221.5402
222.8549
223.8547
223.4448
234.8708
233.9408
232.0716
225.0998
205.3511
195.9443
193.5418
189.4327
186.7271
186.0335
176.4312
180.2587
196.6640
196.8008
194.6132
195.9146
194.7923
197.2641
193.1236
180.8537
174.6151
169.9100
170.5223
183.4819
193.0174
196.3805
203.3686
188.6376
193.0784
192.6729
189.8423
201.5388
220.6187
222.9233
240.3245
259.6652
273.3448
271.5320
255.4648
239.5744
234.9803
234.1498
227.6715
232.5095
236.8780
233.7295
236.0242
235.2677
231.5224
233.5609
237.5178
234.4433
271.8714
261.3488
256.9993
256.4582
257.2532
275.1822
280.5082
324.5478
353.8072
356.5436
328.0139
303.7671
281.4813
266.6781
259.6197
275.3932
273.8407
279.9413
290.6687
272.3711
261.6905
269.6191
285.7126
283.2769
290.5380
285.1385
273.8437
281.7908
283.7255
284.0849
305.3200
337.4196
333.9875
325.4084
307.4353
347.6243
326.4113
309.9498
300.8067
298.2087
292.5585
290.6588
294.9599
297.0229
306.1517
313.4453
311.0960
308.7836
303.8090
293.0403
276.5715
270.4967
267.9007
264.3178
268.3659
277.1354
256.7661
269.4533
283.9593
325.7963
330.9393
313.5363
315.8982
325.4215
318.7051
319.8071
318.0099
314.3636
298.9596
297.4685
301.2041
273.7889
259.5885
254.3586
251.9537
246.4231
244.2514
237.7698
240.0102
260.5414
259.1474
264.1310
275.8588
305.0527
319.3898
321.0384
314.5500
311.1031
311.2150
309.7434
306.7999
282.6707
269.6263
274.0527
269.1066
245.6890
242.4274
236.6288
234.6407
235.0278
231.2645
229.7446
241.9166
278.9416
275.4179
268.8230
266.3924
268.1160
267.1611
243.5720
240.1184
245.2153
249.5629
249.3136
259.9826
259.8050
265.3982
268.0037
270.3431
252.2858
236.7093
232.9352
224.2764
220.3731
207.2085
205.1560
208.1698
249.7674
257.9300
255.4526
256.4289
254.9159
258.7320
250.6184
258.0980
254.3956
258.4513
266.1193
266.3909
266.1427
266.2988
265.2504
266.1473
261.2675
252.0910
250.4177
245.3245
236.1691
237.9492
242.5229
249.8693
269.1490
295.0155
294.4200
302.2894
296.7628
314.1987
317.8802
331.6263
317.0997
321.2368
323.0573
321.1739
312.4754
308.0846
303.2947
299.2017
296.0214
292.6639
299.2013
296.0673
290.3412
289.1147
292.0482
294.1934
309.5070
302.7491
299.5271
303.9307
299.9233
297.7108
322.0444
304.7402
301.7093
321.7561
300.3272
308.4902
319.6129
313.6732
313.1689
302.1124
313.6159
311.7632
294.3692
277.2917
239.6657
242.9318
248.3880
262.8338
275.9192
289.5485
309.1733
306.6653
289.2913
281.0595
283.7617
314.9260
326.9299
335.2501
338.4359
343.7287
340.3828
317.6240
316.3551
309.2895
284.8638
272.6055
299.6832
302.9872
304.5631
303.8433
303.6493
302.8515
271.1782
269.2273
266.6446
262.6408
268.9401
270.5756
282.6624
311.5410
318.0104
282.2353
305.1552
327.4640
326.8572
316.5862
316.7843
312.4785
288.7224
281.1660
296.5996
299.2766
279.0300
289.2040
293.5255
295.4724
301.0303
287.8419
283.7964
288.3977
305.0231
314.8884
313.4722
324.7013
353.0092
355.9184
305.2729
297.1839
311.1108
327.7448
342.8019
354.8934
361.4082
338.2155
324.4439
336.9856
347.1302
350.7224
351.5409
356.1588
363.1900
350.9906
360.0783
374.0783
370.1241
362.9129
367.1884
411.5968
453.3407
432.8693
426.3125
411.4281
402.9048
388.8728
383.1331
376.1481
372.5450
367.0645
358.2095
353.3135
350.9966
346.7206
344.3849
352.4369
372.8426
389.8335
364.5195
369.3818
371.1746
361.4785
381.5132
380.5690
417.9006
417.5360
386.8545
382.3501
366.2817
364.0598
374.4926
345.6379
329.7815
323.3294
319.1637
311.1102
323.1609
333.8496
348.6129
349.1812
368.8355
421.4911
397.3403
388.5183
359.1076
345.3488
375.5236
413.3776
419.8322
404.5974
402.8295
375.4138
353.6492
334.3063
363.8501
365.4116
361.6051
335.1309
335.0633
359.4438
357.7739
356.8561
361.5275
360.1528
373.4779
409.5104
404.0241
404.3667
387.0966
379.3140
440.8263
460.1709
452.1024
423.7025
395.0710
348.0157
331.7829
316.4042
361.8457
352.5227
339.5979
305.6613
309.6437
317.2306
307.4773
303.7603
305.3142
301.3464
315.8789
336.5102
321.8964
314.2754
307.3831
308.3558
342.2336
346.1897
346.4014
343.2390
362.1303
333.7827
294.4114
279.1048
278.9839
297.4583
283.0268
257.9377
266.9413
255.5652
238.6691
252.9846
260.5194
254.7777
268.4650
297.0361
292.1917
282.1877
281.4797
273.7055
261.5507
262.1152
262.9453
262.0578
260.7723
263.3167
265.7689
268.7877
268.7786
268.4176
281.5849
256.7639
247.4563
274.3235
274.8896
275.9213
275.2213
277.0825
276.6100
300.0405
269.7675
261.0068
258.0086
260.1144
261.4514
260.1452
260.5491
260.8457
260.9145
262.0078
258.8985
265.3013
265.7662
266.5923
262.5640
267.6398
267.6792
275.1635
275.2321
269.2253
268.1767
269.4620
278.4223
271.1873
266.4811
264.7065
266.8510
267.7368
271.5800
270.4258
268.9799
263.8120
261.8255
259.7427
254.9169
261.8601
259.7367
255.4412
256.1010
278.3411
286.1213
283.6374
277.5769
276.3438
276.4771
272.4498
245.8144
248.0755
270.0473
272.1924
265.5450
252.3163
245.7969
274.6553
292.8248
265.6729
258.0011
264.4132
267.6542
277.0781
273.7874
279.4700
294.6532
295.7194
295.4551
283.0478
272.2030
277.8887
252.8428
240.9188
268.1602
273.1140
283.1865
324.6128
339.6952
315.6284
296.1089
311.4700
310.9341
294.4349
287.1025
299.0458
319.3651
326.9810
313.3850
301.8903
312.5636
311.4026
312.7681
291.6455
288.4000
293.9932
289.6875
241.9502
260.3267
273.5526
301.9386
335.1737
331.6010
309.6479
291.0848
283.0497
267.5265
258.5529
263.6896
268.2753
271.5530
274.1769
272.0418
299.5936
312.1303
298.9313
291.5489
276.6611
265.5769
263.1440
262.9707
267.5796
284.8453
279.1342
287.1330
315.7146
312.6509
303.9115
255.2020
251.7537
269.3515
268.5447
267.6932
267.7125
263.2190
266.0348
265.1220
297.9659
297.5525
295.3056
297.3028
296.7989
295.0093
294.1724
289.5628
292.6071
294.5609
269.8503
264.2614
266.5293
264.9663
265.6568
268.4832
265.6804
266.5763
267.1529
272.3025
313.9187
318.2826
314.1802
294.3243
270.4182
264.7993
267.3522
268.0818
284.7392
310.4480
306.5015
304.4193
305.0130
306.7957
296.1557
295.4349
313.6304
327.3877
326.5713
329.0484
329.4769
307.2524
303.2521
317.5240
321.2515
326.8494
328.7013
328.9593
288.9614
271.4838
257.1540
282.7485
337.0322
332.1212
326.4477
335.9771
340.5300
368.2923
395.5909
420.3696
426.0611
422.9035
401.0153
334.8024
327.6491
337.6094
356.4187
349.1555
358.7091
410.7541
398.8676
392.5325
386.9064
382.9534
372.8432
376.1759
338.1510
338.7477
343.1195
343.7498
351.3590
360.0543
421.9503
408.2844
383.1026
375.5858
366.5477
366.0785
364.5982
366.1670
344.6049
352.0646
341.6843
374.6413
373.4458
372.4151
374.5147
374.0239
374.8515
366.6709
368.9739
368.6585
369.6697
376.2420
376.9091
396.2558
445.3175
446.9230
465.1023
472.0281
455.4512
443.8425
446.1826
441.6635
462.0704
476.9961
478.0001
454.1746
436.3321
430.9575
423.6332
419.2245
410.8699
401.7954
392.3571
393.4000
391.7229
389.3334
393.8098
416.2357
429.5713
479.8742
471.0103
467.9961
439.0247
427.9283
424.7193
413.2895
410.1057
416.1200
428.9885
427.4093
424.2340
427.0905
424.2602
404.5206
354.1947
369.9636
386.9199
383.3755
379.6101
377.1352
381.2977
370.1173
425.3592
466.1858
466.5145
453.6007
449.2950
436.4244
451.0854
458.5137
448.5865
449.9291
447.4865
427.8470
414.0451
406.9146
406.2457
400.1494
382.1116
379.2734
358.4581
378.3581
405.2051
424.1525
436.9363
454.4721
457.9073
433.8670
419.5813
445.7662
473.3020
483.1674
487.9424
487.4007
482.4384
445.6753
430.5693
478.4469
488.9179
463.4997
466.3787
464.8023
436.9076
420.4623
423.9314
437.1453
449.8117
441.5756
440.8228
451.5011
474.9292
437.7112
442.9168
441.3500
437.0348
421.1807
422.4094
421.9502
414.2069
418.9478
452.0372
461.0790
430.4496
410.9604
425.9039
430.1277
389.2660
385.6695
385.0352
374.7749
374.4696
373.9311
375.7277
387.9713
440.0155
497.9728
508.7801
495.0832
478.8142
471.6696
461.8961
443.1729
435.3592
431.0800
425.6452
421.0747
402.3179
396.0424
394.0994
376.5424
352.0020
343.7605
381.0886
383.7416
367.2288
366.7475
368.6502
399.9980
441.5777
467.9327
472.8860
465.5433
454.2831
436.4671
434.7296
443.8741
448.1799
451.6321
423.8413
413.8670
406.2682
398.8950
405.5702
404.9141
358.7943
360.3780
368.3447
369.9014
365.6718
365.7589
366.9809
371.7324
368.5146
381.8674
391.5866
384.8667
413.2570
406.9958
387.3656
343.9516
328.5732
308.8093
298.3754
274.5991
273.5520
272.6949
276.6332
266.9567
257.7684
251.6584
296.9076
315.7303
338.5359
325.4501
334.9960
339.1218
337.7991
325.2273
323.7445
320.7647
308.6599
317.6650
324.0454
323.5736
313.2320
301.7361
285.3997
294.0418
343.6330
349.3095
330.1217
312.5452
301.4985
309.4462
351.0845
346.5918
313.1159
313.3883
337.2558
357.5829
404.4344
420.6477
423.0868
405.0017
375.0322
352.7925
357.9851
347.2196
346.1276
351.8002
355.4992
354.8606
346.7429
329.5599
331.9082
368.3584
360.1564
367.6089
335.4567
334.7601
331.9406
324.2485
324.8790
335.5017
358.4070
359.8306
361.5171
376.5005
384.2565
375.3515
381.1863
358.1704
366.1825
385.2396
408.0685
403.6103
380.4134
368.2328
366.9304
365.2950
352.2735
350.8457
352.2189
350.7784
379.2530
373.5897
372.2561
377.6638
398.6934
393.2076
389.8511
375.0042
359.3180
346.5069
350.4945
357.0681
365.0847
385.2101
401.6361
410.2595
408.6136
407.3696
407.0846
422.8299
407.2594
400.2633
403.6128
401.4973
395.1523
412.8701
403.1880
385.4955
401.1339
423.9571
431.8421
421.1108
427.0510
456.9564
443.7248
470.3176
510.5439
515.3519
503.8357
515.9759
503.6979
487.6777
495.7833
506.7518
474.3667
472.0333
471.7499
483.5539
499.3415
512.1134
506.7984
528.4968
566.7946
572.6451
580.0741
567.4030
552.2797
531.3213
518.2488
507.4261
515.9613
514.8680
506.3198
484.0342
477.7760
493.5869
485.0573
471.5050
427.3871
400.8747
417.2342
428.4006
416.8339
412.9994
418.2048
449.8164
495.3634
486.6862
467.9340
454.7602
446.5171
462.2527
508.0568
459.7866
460.1149
479.7961
434.4843
414.4258
402.2903
410.8890
414.9887
430.1795
394.5443
388.5291
402.4723
398.3560
402.3572
402.6868
399.9357
415.9997
420.9147
447.6960
455.4422
467.0094
452.2509
446.1056
462.2021
461.3117
461.4688
470.0357
448.7580
435.3102
422.4123
432.5242
432.7882
439.0718
398.5658
409.8603
443.4033
447.0129
438.7040
440.4273
447.3262
461.7608
492.0468
510.8990
536.5837
524.2904
520.4050
479.7126
457.4751
469.9389
455.1775
495.0569
537.0089
556.5084
531.6614
526.1325
528.2421
511.8327
503.9950
505.1748
509.3581
508.9661
506.5924
485.4833
487.6843
488.4932
557.1650
556.1381
567.2407
540.5737
516.0442
479.5086
467.6538
479.7724
541.8979
519.5133
511.0794
501.6151
503.4829
507.2854
517.6100
521.2967
523.9344
530.1434
524.2295
518.8715
487.5893
474.8561
473.8576
482.5968
516.5533
518.2689
534.8271
534.0533
533.1563
536.9860
530.9479
530.3165
530.2467
539.1108
542.6138
523.2543
519.0226
519.1518
517.1728
548.9333
568.0607
568.6291
557.5323
552.2271
536.6569
487.2456
491.1376
531.0999
614.6404
684.3512
667.7985
646.8119
641.4152
640.1516
614.9699
607.3095
608.9845
633.0295
626.3492
618.2680
601.0967
602.8764
554.0775
558.5030
518.3490
530.2967
552.7325
561.3353
561.2077
549.4598
561.2759
583.5036
622.2782
658.1041
664.8139
661.5559
647.4779
633.6620
589.6593
615.2612
613.2185
597.7700
602.3980
603.4571
600.5708
600.0433
587.3243
576.4721
495.5574
526.3014
531.2603
522.9337
518.7162
500.9385
505.8184
512.0240
563.3202
616.7628
615.6221
598.9670
573.7950
587.5988
582.4594
582.9591
572.4890
583.5309
572.3797
561.8946
564.9011
547.9014
531.4127
504.8518
483.0303
492.2833
493.7617
485.0247
487.0551
488.3181
494.4924
529.5891
576.3307
594.7011
595.1082
589.9358
556.2206
545.9784
525.8573
516.2354
524.0446
516.8209
509.0020
487.3144
480.0430
508.0090
492.6168
480.5576
450.2075
448.5016
459.0074
444.0392
438.8840
434.2352
434.1593
455.7885
513.5371
509.8683
525.8143
521.5060
489.5273
494.0011
502.4612
491.1241
475.3611
464.7325
445.7630
450.1303
427.0686
424.1341
405.1702
392.0905
377.0566
377.7376
378.8623
369.8454
353.4282
355.2448
358.9375
356.5933
375.8514
372.8492
385.2089
394.4195
389.3869
395.4787
391.8123
390.5619
386.5391
383.9915
384.0377
380.3700
399.0433
379.0506
383.6730
379.4348
375.7824
363.4119
385.2390
383.7474
378.9546
376.1358
374.9247
381.2731
391.2603
348.8692
335.1065
343.2261
344.4737
357.4827
360.7857
357.1519
361.1640
361.2939
359.8481
360.9556
407.4039
408.5096
403.5657
409.8389
398.7755
391.4832
390.6099
391.8976
375.0348
385.6130
393.9240
419.8610
439.3639
426.1364
450.7584
421.4257
440.6815
441.6539
444.9637
441.2320
443.1800
427.8239
425.3535
392.5643
402.8707
372.2662
372.8703
360.6715
359.9041
377.5231
369.1810
365.9991
364.9292
365.3809
371.9702
396.9463
429.8089
461.9817
451.5350
445.3235
425.0395
425.9162
423.0770
429.1892
436.5415
437.4809
438.7197
425.7043
410.5001
394.6383
407.8726
422.8634
419.8968
422.0627
412.9779
406.7022
400.8210
366.3936
400.6234
420.5909
462.6561
504.0022
519.0169
499.3362
478.2099
465.4283
465.4573
471.7958
470.7229
469.3183
465.4331
455.3535
440.6834
428.0414
417.4045
407.0379
435.4115
437.7533
437.4868
436.6712
456.4434
442.9554
442.0265
446.7590
470.2488
523.5773
518.5513
536.8961
497.4206
510.8259
495.9796
500.3065
491.0816
483.1910
469.6988
456.6263
451.1316
440.6134
444.5294
406.0503
411.8217
402.6730
418.4133
418.1356
414.2565
412.4839
412.2851
421.5734
464.8769
488.1906
465.5201
455.9104
454.2899
451.4168
430.5290
446.2677
466.7664
459.3929
449.7937
479.6583
451.6212
439.3876
419.9150
425.7914
377.0928
372.7319
363.6552
359.8596
360.1643
361.3767
357.8401
337.1765
339.7269
333.4636
348.9021
352.2611
339.4027
341.2193
369.6130
358.3493
346.4281
341.6837
335.6143
325.9234
323.7230
328.0142
325.4018
334.2271
303.0482
295.4142
321.8038
335.6732
342.9141
351.9604
363.8498
363.2953
342.0034
335.5814
333.8682
339.6737
339.1202
342.6313
343.4939
338.6029
328.7309
333.6861
339.1740
338.1871
330.5711
325.9567
326.0980
338.9020
312.6770
301.8954
296.6564
293.5644
291.3099
287.8631
289.5654
307.5524
348.8218
363.2595
412.9570
407.2848
398.1206
393.9896
389.1564
388.9173
384.8220
388.1817
389.1747
375.4863
354.5105
345.7333
313.0469
318.3292
291.5155
302.9826
306.1057
315.0308
272.8060
271.4142
256.7898
275.0557
331.4278
370.0971
376.0629
388.5743
374.0559
361.6182
356.3202
359.3862
363.3463
347.5410
367.2427
396.5875
397.9957
383.7928
375.5522
380.1299
347.8541
337.8825
311.4785
317.9894
323.9084
326.9934
333.6497
352.6296
373.5898
389.5844
395.2002
394.9857
388.2447
396.8712
387.0276
379.2652
388.3616
400.9419
412.4956
418.9517
431.7468
420.8662
416.8678
411.2246
372.4620
393.3088
431.8739
435.5397
435.8393
441.6186
449.0767
446.5861
461.9238
465.3343
500.6202
501.4806
472.9719
457.3127
451.5488
457.7110
458.4989
451.9199
435.3455
418.0999
412.8221
406.1983
405.5296
402.7147
394.4499
408.7138
388.1782
371.6482
371.8281
376.8255
355.4975
348.8317
395.3258
418.4895
443.9764
439.0669
439.1241
431.8768
397.1945
380.0352
391.2894
398.5830
406.2698
392.3905
398.4891
402.9265
396.1888
407.6547
402.5523
400.0104
402.6017
404.9033
384.5550
384.6811
388.3762
407.5384
432.8488
428.3898
428.3958
417.8855
421.1047
420.1080
411.2935
413.1723
421.3176
433.1449
427.7855
425.7873
426.4289
433.6185
434.7878
431.3690
408.7422
420.6009
430.9741
443.1917
454.2613
454.0883
447.2731
443.3886
438.4230
441.7450
447.9471
437.4446
441.0080
445.2666
439.7649
441.4131
460.5921
463.6838
444.2166
429.6650
427.6231
405.4919
395.3478
397.8973
401.8564
405.1509
415.8284
424.9362
412.7423
422.0301
428.4548
440.0086
476.2719
495.8162
493.7044
447.8414
413.8500
405.5535
409.6324
408.6208
408.8948
434.5044
441.9665
456.9190
449.9418
450.4472
444.3007
445.3855
450.7367
465.3895
465.9946
469.0824
461.9547
466.6576
470.6529
471.9369
488.7617
496.5556
502.6232
511.2018
500.8543
499.6983
474.8932
466.5495
465.6753
488.5746
518.3655
514.9518
500.9149
489.0466
487.6206
491.7074
477.4650
481.6678
474.3770
459.6094
441.2140
448.5692
457.2383
472.3537
475.4267
473.7174
488.1753
514.2353
506.0834
535.7757
507.5453
485.2171
511.4374
518.3944
530.0029
564.4392
552.9263
513.7012
508.3860
492.6830
460.8670
460.6328
456.4404
452.7212
452.5788
464.2692
472.6551
471.0393
475.3325
481.3608
480.7846
470.5041
496.0711
474.5763
475.3874
464.8839
461.3748
463.6745
468.3091
472.8519
462.9620
453.6468
461.2179
478.9261
441.3818
434.7209
435.4588
435.9993
433.9580
430.9036
423.6035
395.6307
440.0739
463.8654
436.6908
440.6457
435.5216
443.3560
446.9913
443.8072
444.5602
444.4180
444.1731
444.4622
426.4198
426.6950
424.6744
418.0763
417.1599
416.6918
403.2290
409.2274
391.6415
387.2144
391.1107
394.4908
404.6589
400.1270
399.0094
395.1235
392.1181
394.6259
395.8417
395.1271
400.3154
398.7003
382.6802
363.3318
360.1121
389.0601
405.7944
416.3911
395.0380
385.3989
375.8773
384.8717
371.1076
357.7873
344.8558
355.7155
385.3860
382.7751
389.0430
403.0621
358.2421
367.3626
388.3787
393.3787
419.5956
412.0545
422.9758
426.0188
410.0197
410.4345
421.6821
432.3109
411.8284
385.3989
375.8773
384.8717
371.1076
357.7873
344.8558
355.7155
385.3860
382.7751
389.0430
403.0621
358.2421
367.3626
388.3787
393.3787
419.5956
412.0545
422.9758
426.0188
410.0197
410.4345
421.6821
432.3109
411.8284
