114.5844693
104.9193684
98.9847495
89.7434874
80.8052175
77.9679495
76.1894028
65.703771
79.1746641
91.0053711
102.3579459
111.7839807
115.2298602
117.2106936
115.3130517
115.8656184
117.0355536
117.2019366
116.8420239
116.1423396
115.5801402
114.8428008
111.7472013
111.0186189
115.1746911
114.4653741
113.534505
113.4697032
115.2018378
113.1290559
116.8052445
131.9714928
139.1496057
141.8861682
142.8170373
140.6698209
141.6471021
141.066513
145.1017386
147.774375
154.7309358
161.2820475
165.6500391
156.1775922
145.6184016
135.427005
131.538897
124.1488647
127.9791765
118.7133948
117.4156074
113.9557167
112.658805
120.9026448
129.8470446
147.2288139
155.4735294
158.3720964
159.7521996
160.5981258
156.0068307
152.7036903
154.6818966
158.9789565
157.9482576
161.7304059
160.0832142
152.7772491
142.3152612
126.5622939
115.6493205
96.9969105
89.8301817
82.8079434
69.0025329
68.3860401
70.677747
79.8629643
85.11804
101.3342526
110.4459111
120.1005036
121.5182619
120.9289158
118.5636501
116.7509511
115.4531637
118.6652313
121.573431
121.6566225
120.7817982
118.508481
115.1860752
116.7693408
111.0720366
105.8353506
99.6949422
95.6211858
94.9644108
89.2206945
98.4094146
99.6949422
107.8976241
117.4891662
119.2633344
126.2365335
132.4119699
138.9157938
136.8885483
138.6994959
144.8565426
150.2998938
161.7312816
182.0781711
181.8434835
166.3295823
153.6222996
144.1244574
137.1328686
123.8336127
108.0044595
102.4253748
98.0372421
84.3106446
83.9262123
85.9420737
98.7404292
108.6516018
117.8122995
117.221202
114.3243864
114.3331434
115.6834728
113.8173561
117.755379
125.4536577
131.801607
145.9590489
141.2801838
137.6985708
131.276187
124.6287483
122.8563315
118.3744989
111.9442338
100.8298494
98.1274392
90.2645289
85.5856638
86.1627501
93.165723
104.5822239
110.3565897
110.4888204
105.5551266
100.2816612
100.5557553
99.137997
99.0723195
98.5810518
99.137997
100.6223085
101.7090522
96.8891994
90.3302064
75.1333086
66.0330342
41.9425272
27.4383081
13.371939
13.3999614
8.643159
10.0136295
14.1924699
13.3255269
20.4887529
52.3808712
84.1889223
94.8409371
103.8326247
102.526956
99.9427653
104.9430123
104.4018297
109.1306097
114.7464738
115.7535288
109.6717923
104.6908107
99.3928257
100.1021427
83.0224899
77.0344533
71.7172029
62.7255153
50.431563
73.6665111
91.7348292
107.5736151
124.3730439
142.0578054
154.8745506
148.4197659
149.5108881
131.9557302
129.5965944
134.4094416
141.1908624
150.9470361
158.2512498
157.0016259
151.7404203
139.9596282
130.2209685
124.139232
109.0097631
106.1374671
97.4172465
95.8112127
91.2426858
97.4172465
108.6910083
127.8197991
143.8757586
153.7089939
149.289336
143.8757586
136.4191731
134.7098067
134.6169825
135.7501383
136.2142593
134.0048682
136.5951888
131.9338377
117.4287429
105.9789654
94.9941846
82.5601203
56.4292323
43.9347447
30.5663085
28.1730204
25.7420772
28.4716341
29.5093386
62.4277773
97.5985164
116.0066061
122.9430258
123.9623406
121.3264836
114.0152643
110.4441597
112.8462048
114.6790449
116.0810406
124.5700764
125.0193105
119.3535315
111.7436985
99.2807361
93.1201866
71.4956508
71.2968669
10.4024403
18.4974111
18.8179173
42.2096157
51.6890682
91.0841841
109.6472727
106.4658546
101.6460018
101.4016815
102.6530568
101.7685998
101.2317957
102.3334263
103.6513548
102.9639303
113.2341399
117.1213722
105.7127526
100.9585773
96.6378735
85.8597579
44.6388075
42.8348655
25.1895105
20.1813822
21.9853242
27.961101
33.1286067
59.2577433
89.9352657
106.8940719
102.0269313
96.8121378
93.1298193
91.3066119
90.1699533
89.9440227
93.1298193
96.5870829
98.5976901
98.6633676
97.6396743
94.3978329
93.1298193
95.5721466
93.1298193
101.3167386
95.4907065
90.4694427
79.9225119
44.1694323
44.3375667
48.2817195
79.5389553
85.5147321
95.293674
98.2439073
100.6328169
99.8175402
95.4714411
95.4618084
95.4530514
98.2911951
100.6888617
102.2528619
101.3543937
98.5066173
94.7411073
89.3459196
67.2957936
59.100993
30.1696164
27.4041558
16.8292026
12.1223151
9.1878444
10.3131189
14.1005214
17.794224
49.669704
82.9979703
95.3733627
95.4013851
95.6833605
95.5607625
97.7360013
99.5364405
100.3333275
102.3859683
99.4611303
99.7702524
99.1239858
96.2735823
92.5422246
99.8262972
97.7552667
91.9984149
88.2486675
103.1084208
113.9828634
121.8300111
135.5461002
147.9398823
155.6276526
141.3677538
141.714531
138.2178609
132.6212622
132.948774
136.9892538
141.6488535
149.3086014
152.2527048
140.5244547
129.9022137
124.3993149
120.1801923
110.6455707
104.0778207
96.2525655
93.6350982
95.4644355
96.4504737
107.7653934
117.2422188
127.177911
142.406334
128.7638037
123.0218388
119.8123983
117.0355536
122.5428309
125.5639959
133.6519611
146.5343838
147.1631364
143.1191538
137.1048462
131.5502811
128.6797365
125.2548738
121.2862014
116.7036633
115.7903082
116.8639164
116.6003307
114.0205185
119.4051978
127.388079
144.709425
145.9993311
146.2252617
136.4349357
127.3600566
120.3745977
117.6073857
121.0523895
129.6570177
139.4753661
144.7943679
134.0626644
124.3292589
118.5207408
117.5128101
115.2631368
109.567584
108.7286634
104.4823941
102.6066447
100.7869401
100.1240352
108.1874808
114.9724044
143.6708448
149.2700706
145.9012527
144.6411204
134.0206308
140.63742
144.9861462
149.6247291
163.6052796
172.9376145
166.7972061
150.8007942
146.0781441
140.5717425
138.7143828
132.9566553
128.4958395
135.9103914
130.8374613
130.470543
130.5835083
131.8559004
141.548148
145.480041
146.0080881
147.8558151
155.4831621
196.0902468
186.6431952
147.4223436
145.8005472
147.6106191
145.7436267
145.7725248
148.0537233
150.2508546
145.8285696
142.8590709
144.3013488
144.7348203
139.4455923
135.3893499
131.9925096
131.8611546
126.4931136
124.2224235
124.9641414
123.5192364
132.4242297
142.7732523
160.7242266
159.0630237
147.1929102
138.719637
129.4871319
128.6990019
129.1018239
135.7921719
163.0982493
167.3016093
135.7457598
130.8567267
128.5860366
124.7951313
115.1396631
121.1425866
116.5442859
114.4382274
115.9242903
116.1405882
115.3971189
121.161852
121.1241969
130.1973246
135.1248885
137.8982304
143.982594
136.8263736
135.2378538
136.0741473
147.8277927
160.4746521
179.5719177
188.7588864
184.4802162
140.4938052
135.9900801
133.9024113
132.9154974
132.7928994
131.4767223
130.8462183
131.0344938
131.4767223
134.3726622
135.7361271
211.052457
239.6379321
250.8547734
232.3687464
214.4195235
205.9567587
204.3393408
204.5836611
203.9627898
209.266029
231.4291203
230.1970104
166.7744379
135.8114373
135.059211
132.9338871
130.733253
133.6615938
131.337486
128.9477007
128.0107017
128.2821687
133.2675288
134.4295827
136.7633232
232.67349
237.2656608
221.1466509
213.4895301
202.5345231
191.5129629
200.1447378
202.1877459
208.372815
231.4361259
141.7775814
135.2825145
134.3174931
133.0897617
128.0947689
121.7590794
118.1625795
114.0940773
112.4162361
110.8312191
111.0002292
114.6746664
118.6687341
153.9060264
155.3772024
145.5159447
132.6825612
126.5710509
124.0586676
123.7399128
123.4307907
115.4995758
125.7925536
132.5608389
131.6325969
124.226802
125.7548985
121.8746718
121.8930615
118.3963914
110.0956311
108.3617451
106.4387079
105.5341098
108.1358145
111.6421173
109.8513108
124.2907281
127.3731921
126.8074899
128.325078
128.3154453
128.7585495
123.6216933
121.7555766
127.8916065
130.0125519
131.2656786
131.6903931
127.2033063
121.8781746
118.6731126
119.2204251
116.5057551
109.313631
107.5026834
107.3327976
107.483418
111.2103972
120.8825037
141.2075007
165.656169
182.9328543
186.7736745
182.942487
178.3660788
172.0251351
146.1613356
130.978449
130.969692
176.3563473
185.5468188
127.1481372
122.939523
116.1642321
115.7684157
113.6824983
109.6630353
110.3452056
107.6603094
106.0498971
104.3536662
103.3650009
107.1427707
106.7749767
107.6419197
109.9590219
111.7962405
113.5196181
111.7673424
107.6419197
106.5674358
105.8703786
104.9754132
107.6515524
109.1017116
107.6979645
106.6900338
104.4578745
102.7055988
102.6206559
100.0303353
102.413115
100.1686959
98.1414504
97.5661155
97.2928971
97.999587
96.9811479
97.99083
98.2167606
98.849016
98.1694728
96.5853315
94.8505698
93.6429795
93.3601284
93.332106
93.6149571
94.1806593
93.4266816
93.1718529
92.2479894
87.9658164
82.166931
70.5674088
69.6058902
65.117052
60.5712933
42.3146997
48.7554732
67.0970097
87.7214961
92.8513467
98.0757729
96.7552173
93.1052997
90.4090194
88.1926227
85.7879505
89.6637987
89.4186027
91.9178505
94.7559942
93.3697611
94.3225227
91.8232749
89.1541413
90.4370418
91.615734
90.6533397
91.852173
92.4187509
93.1079268
93.9766212
97.6204089
102.9831957
111.0939291
113.2271343
110.8951452
107.4116106
100.0846287
96.8839452
95.7796875
95.3076852
95.4206505
95.7323997
99.0372915
98.1966195
94.6185093
91.7672301
89.557839
85.9420737
77.0475888
83.3508774
78.5424087
75.2699178
75.6228249
75.1464441
83.4752268
94.2936246
109.6253802
116.2658133
110.0264508
104.8458096
101.4305796
99.4173453
98.6441022
98.4444426
98.6730003
102.6136503
108.7479288
108.5377608
100.8867699
97.8051816
95.0379696
91.8705627
85.03047
86.8352877
86.7783672
83.611836
85.6600983
91.2820923
96.3550224
111.6762696
132.554709
160.7145939
168.3655848
160.9133778
158.2678881
148.7586618
144.6717699
152.8166556
138.9166695
158.1733125
168.1668009
172.7081811
162.5351742
135.1809333
133.4838267
123.1207929
103.1811039
108.6822513
100.96821
97.2788859
91.7164395
87.7775409
92.8890018
100.96821
108.1349388
108.8162334
107.7890373
100.7370252
103.4079102
102.6302886
100.7851887
101.0163735
102.6302886
108.1253061
112.6211499
113.6965095
108.4615749
104.2634691
106.4921256
110.2287375
108.201492
103.2511599
106.8196374
112.3777053
115.8209577
118.1187945
119.6862975
121.4657199
124.1295993
135.3140397
162.7409637
157.4132049
150.2193294
135.3236724
128.7261486
128.1490623
128.0150802
129.0440277
135.3140397
138.9972339
123.8213529
118.1476926
114.6571524
112.9355262
108.5307552
108.9143118
105.4211445
104.6776752
102.8641005
102.0917331
103.6644903
103.7897154
106.3765332
107.7846588
109.1165985
109.3775571
107.9589231
105.942186
104.7065733
107.2636173
113.4013986
120.4061229
129.6990513
129.8435418
127.528191
120.9271644
120.3579594
120.3964902
120.4061229
120.715245
120.0400803
119.7309582
119.3351418
120.4455294
126.4764753
168.905016
192.0637782
204.1738335
192.2573079
177.6961683
172.7939997
134.0320149
136.3762638
128.6858664
144.3757833
174.4534512
190.4621229
157.3834311
125.6174136
120.8212047
119.9043468
119.9244879
116.4794841
116.3297394
113.8304916
112.8523347
112.6193985
112.6193985
118.7519256
120.8536056
123.7696866
125.9098974
125.163801
124.6313754
122.8685913
120.8632383
122.055066
123.2845488
123.3528534
123.9824817
123.2845488
123.3817515
122.5682262
121.2608061
121.415805
121.4254377
118.0058292
112.3794567
110.9564442
110.2147263
109.7374698
109.5710868
116.8945659
118.1818449
121.0882932
121.6443627
119.5672023
118.3280868
116.9926443
113.7744468
113.0817681
112.4871678
112.3111521
112.3601913
112.3216605
104.9193684
98.5320126
95.88915
94.4363637
94.1929191
90.5745267
86.7678588
83.2475448
81.7807473
81.7518492
82.4848101
87.1347771
88.6392297
95.0152014
101.5067655
105.6838545
102.9831957
97.561737
94.4074656
92.5649928
91.0123767
90.8092143
91.4169501
91.0316421
91.3687866
89.8739667
88.1085555
87.5778813
88.0122285
87.4237581
81.5162859
83.0181114
84.5856144
86.2021566
89.4238569
95.4477972
101.2808349
109.1787732
115.9575669
109.5421887
107.658558
99.7606197
95.4101421
90.8775189
88.6882689
85.1688306
83.6678808
84.4805304
83.1231954
81.124848
81.0863172
80.7999633
73.6857765
69.6128958
78.1798689
80.8297371
80.6966307
80.2482723
80.6580999
79.3427985
81.2491974
82.1065077
83.1459636
84.6994554
85.4429247
84.6898227
83.7458181
84.2607297
85.0330971
86.1767613
89.1690282
99.9199971
108.1638369
105.2757783
97.0415712
95.5169775
92.0947419
92.4099939
99.6730497
99.7019478
99.663417
99.5977395
99.3980799
100.5286086
100.6993701
101.4594777
103.1889852
104.2906158
107.3503116
107.2461033
102.6189045
98.4383127
96.4329597
98.2955736
106.8756822
107.4168648
109.1174742
108.5570262
107.369577
103.4262999
99.7396029
95.7017502
100.4524227
97.7727807
97.1177571
97.2981513
97.8209442
106.029756
106.3336239
108.1962378
111.0370086
109.1078415
108.5666589
107.8065513
107.1979398
106.7609655
106.5140181
106.9133373
107.3879667
109.6498998
109.5071607
108.604314
107.6638122
107.2461033
107.7969186
105.9728355
104.7065733
103.2826851
102.4569
104.260842
105.5796462
107.4212433
119.1643803
188.6056389
195.0420339
170.3980845
120.1425372
119.6766648
124.1007012
117.6459165
120.4647948
116.2307853
139.5173997
170.9585325
188.415612
127.7838954
108.4563207
108.1428201
105.3239418
103.472712
100.2991752
97.8699834
97.517952
97.2604962
97.4513988
104.4893997
108.49923
112.2323391
178.6611897
148.4329014
127.1849166
113.9180616
112.7560077
112.1368878
112.0992327
112.0230468
112.1465205
111.4801128
108.3748806
104.6041164
99.5180508
98.5468995
97.5845052
93.603573
91.580706
92.1823119
93.7104084
94.3505451
94.5887355
98.5241313
108.9931248
109.8241641
110.8268406
158.6899755
143.7321438
127.685817
114.0170157
114.4373517
112.4985519
111.7725966
112.2691185
112.4407557
108.8687754
109.0885761
107.7128514
106.5569274
107.5701123
101.0268819
101.3981787
95.9320593
90.5718996
84.6180153
81.2001582
86.9149764
89.6524146
94.6307691
94.6307691
92.3714631
90.8591292
86.9149764
86.895711
82.0145592
81.1432377
79.2096921
80.0801379
86.0156325
91.2996063
86.0532876
74.5859961
71.6471469
72.0298278
66.8614464
64.8674775
68.4517176
60.9171948
59.9731902
67.2668955
74.4161103
81.6607764
90.2163654
96.5468007
103.1557086
104.803776
100.6801047
93.2611743
87.2783919
87.8563539
92.4616602
99.4278537
102.7511352
105.0253281
104.9290011
104.8904703
105.1120224
106.3064772
106.2583137
106.2110259
101.7195606
97.3918512
92.1507867
91.1314719
95.9495733
98.6808816
103.2301431
109.3854384
109.3950711
105.548121
101.7291933
96.8243976
91.7943768
90.6883677
92.7471384
98.209755
105.7687974
107.2688715
101.7099279
97.334055
95.5940391
92.3521977
90.5447529
84.0908439
71.7040674
53.1322218
38.3889366
33.5515698
42.6010536
76.4065764
82.2352356
79.8209307
76.1473692
73.3004685
73.1848761
70.8380001
69.0305553
68.5970838
68.3186112
76.3006167
86.2546986
90.9484506
90.3039354
89.1497628
86.3991891
85.8028374
75.0509928
54.6629454
50.2100109
51.9473997
57.4178976
74.7313623
86.6041029
89.7321033
97.7657751
101.7677241
102.5742438
102.4490187
102.0847275
102.9096369
104.0042619
108.5149926
114.9259923
117.737865
118.8132246
141.7697001
124.1970282
116.7299343
113.6781198
110.4730578
108.3994002
105.0787458
103.5742932
103.0847769
102.8360781
103.0751442
104.6951892
108.5473935
111.6710154
112.9845654
113.175468
112.255983
111.8627937
110.1096423
111.4985025
111.5755641
111.7769751
112.3041465
113.1947334
112.255983
109.0841976
104.3019999
104.3405307
103.9184433
102.2511105
103.7231622
101.7423288
101.2519368
100.8000756
100.4156433
101.9831463
102.588255
104.7993975
108.972108
112.3663212
110.2120992
111.0781665
110.049219
108.770697
107.3476845
107.6068917
110.3854878
114.1641333
114.5293002
111.3470064
104.8186629
104.2617177
101.2519368
98.2333989
97.5214548
95.8138398
93.2121351
92.7322515
91.8880767
94.9398912
95.8707603
101.5242795
103.4919774
100.9673343
99.3840687
97.8095601
96.6580146
95.8996584
95.1220368
94.8435642
96.6194838
98.1554616
97.3007784
95.4005094
90.9572076
93.0974184
91.1104551
82.6354305
91.3477698
86.8265307
85.6574712
85.4656929
85.7249001
86.5393011
87.0944949
88.1383293
92.9660634
90.6577182
87.3055386
85.3124454
83.2151439
82.5250923
83.2151439
87.7556484
90.8494965
96.0695442
99.47952
99.4698873
96.9601311
96.5870829
96.7972509
96.7306977
101.3675292
100.2177351
100.0548549
101.4253254
101.2904676
102.63204
104.0217759
106.5227751
105.8616216
103.0830255
100.1030184
95.4653112
89.7645042
86.554188
88.6619979
93.6254655
99.4225995
113.9101803
117.3017664
118.5759099
113.6702385
110.057976
105.6313125
104.4333549
107.7487551
104.8930974
104.5104165
104.462253
104.5769697
109.9047285
112.6544265
133.255269
177.110325
117.9629199
115.0214436
111.9459852
108.8600184
104.6251332
108.2084976
108.5631561
110.8434789
113.919813
114.0152643
114.1588791
111.8111274
111.178872
110.7480276
108.5535234
112.2586101
110.0886255
109.5886008
109.4738841
109.5027822
113.6124423
114.0450381
116.0521425
117.5697306
115.7255064
115.4181357
114.3042453
113.1325587
112.7866572
113.1710895
113.1710895
113.8716495
114.4198377
115.0529688
115.0337034
114.1028343
113.3436024
113.2577838
110.4721821
112.7253582
111.7542069
111.3128541
111.2454252
111.8023704
114.8007672
114.7237056
148.8488589
177.6891627
142.064811
117.9243891
115.1948322
112.466151
111.1298328
112.0913514
114.3208836
115.4067516
117.2711169
117.1555245
115.5503664
114.7911345
114.4933965
114.3112509
112.0913514
109.1165985
107.4755367
107.0700876
109.252332
107.746128
110.9897208
112.5922518
115.7789241
116.1362097
115.4216385
112.3129035
112.1290065
110.7681687
108.1034136
108.6533532
109.2715974
109.8793332
110.2655169
110.2269861
110.0921283
108.6051897
107.369577
107.465904
105.1391691
108.3170844
107.6270328
108.1323117
107.9773128
108.4528179
110.7944397
113.1737166
117.098604
118.2256299
117.3026421
115.7482746
110.6000343
108.7838325
103.8098565
99.4681359
97.4373876
97.4864268
99.3315267
100.9051596
99.8175402
97.9426665
97.3209195
97.8165657
96.9522498
98.9076879
96.6974211
96.668523
97.3279251
97.9768188
98.6458536
98.5784247
100.9139166
102.2423535
101.563686
101.5058898
99.1887876
94.2358284
96.0677928
99.5084181
100.8464877
105.0533505
112.6430424
115.0083081
114.7657392
113.2726707
111.9065787
109.2602133
107.2049454
106.4264481
104.7766293
104.1172272
105.5726406
104.3501634
104.7284658
106.5823227
107.3100294
109.1927844
109.2024171
106.7276889
108.3004461
108.3293442
106.6891581
108.3004461
111.9783861
114.9680259
139.0970637
161.39151
164.9827557
147.9679047
145.3670757
137.5829784
118.8990432
131.3996607
119.6749134
118.0154619
118.7825751
119.3938137
132.0310404
132.0406731
178.6287888
208.8141678
181.7926929
164.7690849
155.9175093
145.6385427
140.9605533
120.3351912
121.0734063
115.1816967
128.9538306
154.315854
166.0983975
125.0429544
124.7706117
115.9383015
110.0273265
103.1057937
99.3411594
95.2639002
92.3574519
92.3469435
93.8592774
100.9209222
104.6662911
107.6314113
100.6669692
99.5451975
99.5162994
99.2238156
99.1161045
100.5505011
102.667068
108.6165738
118.1170431
146.2173804
130.689468
115.2000864
114.2639631
113.9714793
113.1132933
113.4583191
111.3697746
111.2909616
110.320686
110.320686
116.9777574
138.3036795
155.2572315
170.0329176
159.8266341
150.305148
141.9028065
135.2352267
133.5188547
135.225594
138.6959931
141.9028065
150.0214212
163.1989548
166.1798376
150.7368681
132.5582118
127.037799
117.7037127
116.5679298
114.3322677
113.0721354
111.9004488
112.2840054
114.9820371
132.9636609
148.0703616
156.7354131
148.95657
140.7731535
130.6789596
121.2949584
115.986465
115.7403933
116.0162388
117.5819904
130.6693269
130.6789596
143.0473464
133.5547584
124.0026228
120.6548217
111.9197142
106.1628624
103.9823694
102.3842169
102.1670433
102.413115
108.2444013
116.9768817
135.5469759
139.3650279
135.5268348
130.9985901
124.2486945
116.0696565
113.0896494
114.5100348
112.5370827
113.2770492
124.9396218
133.5932892
127.8206748
113.2963146
110.5142157
103.3010748
97.351569
95.8602519
94.3768161
93.9126951
93.6753804
95.7017502
101.397303
107.7163542
113.5012284
114.2823528
109.8224127
99.0933363
92.9135214
88.6024503
87.3361881
88.2758142
93.3977835
101.5654374
109.9012257
114.6081132
113.8374972
109.4861439
106.905456
104.7004434
103.4543223
107.597259
103.8291219
101.6232336
96.7569687
95.4810738
95.7183885
95.6492082
95.3523459
96.598467
98.3989062
98.1712242
94.2542181
89.3284056
87.8353371
85.3133211
86.746842
93.008097
104.4526203
112.9092552
114.6405141
109.3381506
104.9762889
98.4777192
89.873091
82.9095246
78.7946103
73.839024
63.9585009
63.9777663
75.7979649
88.0726518
90.3669858
94.7989035
95.144805
93.6114543
93.9871296
94.0965921
93.8785428
93.3049593
92.2865202
91.7024283
90.1699533
94.8873492
97.7263686
92.5728741
89.8135434
90.1892187
85.3229538
83.4349446
86.0270166
84.8807253
80.5232421
78.5695554
79.5468366
89.3573037
97.482924
100.7624205
95.9075397
94.1430042
92.5868853
92.0588382
91.4703678
91.4905089
92.4677901
95.9872284
104.252085
108.3897675
108.3696264
106.555176
106.3458837
106.3660248
105.5183472
106.6296105
105.5638836
105.0156954
105.4237716
105.8624973
109.2006657
117.0915984
140.4762912
152.7816276
115.8664941
107.5368357
102.7038474
98.2500372
98.0512533
100.302678
101.6083467
105.3248175
112.3190334
115.4671749
113.7735711
110.7646659
111.6613827
112.9066281
113.2752978
108.306576
107.7102243
104.1154758
101.3141115
99.7842636
104.2442037
112.2796269
140.0305599
137.4884028
116.371773
104.8895946
97.7876676
92.5833825
85.6206918
87.1400313
93.6858888
97.8577236
103.498983
104.9491422
103.4893503
99.9926802
98.0162253
93.9442203
87.1006248
85.0208373
84.6302751
84.6906984
82.3876074
83.5995762
91.5299154
96.5870829
100.1616903
101.0128707
97.2780102
94.3943301
90.2785401
88.8266295
92.0203074
95.1246639
99.6213834
101.913966
106.0700382
109.0736892
106.6007124
103.446441
102.2046984
102.2248395
101.5838271
100.6573365
99.7877664
98.4190473
96.6396249
97.6790808
101.187135
101.8666782
103.8650256
102.10662
102.7660221
98.5784247
94.8610782
91.3337586
88.4553327
92.8627308
96.2902206
101.3368797
105.3738567
106.5332835
108.1121706
105.7539105
103.875534
101.7861138
101.2072761
101.6048439
99.9900531
100.1608146
100.1108997
99.9602793
100.3009266
100.3210677
100.4016321
101.6048439
102.4069851
102.2064498
101.0128707
99.0775737
96.2000235
97.1422767
100.3210677
102.6872091
103.700394
104.8536909
103.8807882
103.3396056
102.1959414
101.6048439
100.0504764
104.6426472
103.2091263
102.5768709
102.3465618
102.5672382
105.224112
107.6112702
108.1419444
109.2751002
108.5132412
108.1725939
106.2775791
101.695041
100.1301651
100.0706175
101.6547588
104.3720559
109.7068203
113.7473001
125.268885
112.9153851
111.9529908
108.3529881
106.8590439
105.2897895
104.9596506
104.7801321
103.569039
101.9691351
103.6294623
105.4097604
107.220708
107.3012724
105.9605757
104.4298521
103.1889852
101.9787678
100.96821
97.9776945
97.2569934
100.5881562
104.9903001
105.0095655
102.0488238
98.7272937
96.7166865
94.6859382
92.1446568
86.9867838
79.6484178
79.6983327
75.2392683
72.9747081
80.6020551
88.4868579
93.6307197
97.4540259
91.0193823
82.9953432
81.0188883
76.8479292
77.5826415
80.1650808
81.3464001
87.7118634
89.6883183
91.545678
92.806686
92.3197968
92.0220588
92.8662336
87.7521456
81.632754
74.2987665
61.8603237
51.8992362
38.7138213
70.4877201
81.194904
91.2759624
91.2260475
82.8368415
77.2244802
76.8960927
76.5773379
75.9109302
76.5580725
80.5679028
83.4042951
91.2260475
96.7788612
97.4049867
95.7831903
93.1963725
90.3205737
83.9113254
81.8508033
75.6053109
71.2600875
60.0660144
57.8986569
59.6404242
70.9833663
85.0374756
85.0374756
78.7131702
78.821757
78.8121243
78.6833964
78.138711
77.8024422
77.7034881
78.0204915
82.9883376
89.3030103
92.3618304
92.0544597
86.2941051
80.4251637
75.7138977
74.8241865
73.38366
62.393625
48.0549132
6.410124
7.5029976
50.9963895
60.0782742
74.487042
78.252552
80.9155557
80.8560081
79.6238982
79.2561042
77.7061152
77.0309505
78.1833717
80.2596564
76.8216582
83.6486154
81.0749331
80.4286665
80.7666867
80.2500237
81.8656902
80.8166016
80.2920573
78.7884804
76.868946
74.9590443
79.1247492
83.3596344
85.7643066
84.8842281
82.2518739
79.8866082
77.7192507
75.6114408
75.275172
81.1038312
86.8528017
93.8093625
100.1827071
101.6468775
101.458602
99.7868907
95.5712709
96.6895398
93.691143
91.0780542
87.8826249
88.8616575
96.7779855
103.0120938
122.1111108
105.4272744
101.4691104
96.2438085
84.7257264
80.8166016
78.1255755
75.7103949
75.6114408
78.7981131
85.0322214
92.7900477
99.9646578
102.8343267
102.5576055
101.4787431
95.1456807
92.6035236
88.9220808
91.1743812
94.409217
96.2753337
101.4454665
122.0261679
163.3381911
158.4158814
124.9142265
104.8090302
98.805231
97.5153249
95.6203101
95.6991231
97.0196787
99.9865503
105.2757783
136.2571686
159.2793216
135.2247183
131.4443214
111.0308787
103.8264948
101.5382907
95.7910716
97.7395041
98.8078581
98.7386778
102.7642707
111.4792371
143.071866
150.629157
143.1016398
129.5011431
118.7492985
111.231414
105.8800113
103.9123134
104.2774803
106.038513
122.1619014
144.0114921
148.2849081
131.2718085
114.6834234
107.0674605
98.4120417
93.2909481
88.5280158
86.9867838
84.9709224
84.0908439
85.1285484
93.5089974
118.7072649
128.5693983
109.8626949
94.2296985
89.1996777
85.0497354
84.7528731
84.7633815
85.4446761
85.5935451
91.5518079
96.9373629
106.7110506
113.4898443
105.880887
100.4454171
96.0879339
91.9625112
86.8466718
84.084714
84.0549402
89.4194784
96.4128186
103.3072047
111.800619
132.4636362
131.8874256
124.1987796
113.7578085
108.2645424
101.1415986
97.7438826
98.0722701
101.1118248
104.2809831
108.9003006
108.5325066
105.8204637
99.4628817
93.4827264
87.2731377
89.1786609
86.0226381
85.4254107
85.5550143
86.5209114
87.30729
88.760952
90.8319825
93.1911183
93.4503255
93.3005808
91.4195772
89.995689
89.6673015
89.0691984
88.9702443
88.9597359
90.5631426
92.5544844
97.8410853
94.0177791
93.270807
91.7672301
89.8161705
91.3626567
90.6498369
90.135801
90.1559421
90.4817025
90.7689321
91.4905089
92.044827
92.5290891
93.3303546
93.3802695
92.7471384
91.9458729
90.9072927
90.1165356
89.5525848
88.9684929
94.7349774
100.679229
107.938782
110.9257947
115.6335579
112.8549618
109.4423589
108.8687754
108.0578772
108.1866051
106.9107102
103.9727367
108.4931001
137.4130926
165.8680884
161.6253219
115.268391
107.5237002
98.7999768
92.7471384
87.3265554
84.2703624
90.6603453
94.9328856
103.963104
111.143844
152.0311527
154.3850343
136.4936076
116.1283284
112.7166012
110.7217566
109.9318752
111.0676581
111.047517
111.0676581
113.2402698
121.1907501
177.267951
175.4999127
138.2765328
118.8009648
112.2621129
109.6647867
108.8556399
108.0850239
109.4283477
112.1535261
119.2939839
122.1881724
122.5235655
130.0992462
123.9562107
117.6056343
113.1220503
112.7779002
112.2656157
112.0580748
112.0974813
112.5510939
116.2868301
121.1364567
152.4900195
173.6618184
135.1625436
118.8692694
114.4732554
113.1325587
113.3689977
113.0047065
113.0047065
113.1036606
114.5030292
114.611616
113.3891388
113.201739
114.0397839
114.1378623
112.9162608
119.2554531
118.0478628
117.9778068
116.2299096
115.7710428
119.3657913
119.2852269
122.1119865
122.5209384
121.7722149
116.3595132
111.9959001
108.5114898
107.7426252
108.7111494
109.1603835
110.9573199
115.8805053
117.1984338
117.4786578
116.7991146
114.9023484
113.4837144
111.5764398
103.4516952
102.4516458
102.8816145
103.4622036
104.6225061
108.5535234
107.6130216
109.2138012
111.9748833
108.6235794
106.4334537
105.5726406
99.5811012
94.2191901
93.6491094
98.4803463
105.7127526
112.1850513
115.6160439
115.986465
116.8963173
117.6161427
117.5767362
116.4558402
114.2157996
112.9451589
113.6054367
111.9950244
112.0151655
113.1351858
113.6352105
114.4259676
114.6457683
115.1160192
112.7446236
108.9440856
103.5217512
100.4314059
97.0704693
96.1396002
100.6512066
109.1437452
112.9250178
113.9653494
114.3559116
114.515289
114.3454032
114.2052912
112.6553022
112.4547669
112.334796
111.6648855
111.0545226
111.1744935
111.2541822
111.9643749
113.3252127
111.6351117
106.4632275
94.549329
88.8774201
66.6504027
61.4189709
62.5696407
81.1152153
96.7595958
107.693586
111.9249684
112.054572
111.8750535
110.8347219
108.2934405
99.7413543
86.5165329
82.1555469
76.5633267
74.6630577
75.5037297
82.3455738
81.1152153
76.1736402
59.5379673
32.0996592
18.1655208
17.855523
14.6346984
6.401367
6.8514768
8.8226775
30.1888818
70.3213371
72.3021705
76.6736649
77.1640569
71.1015858
48.2151663
8.7123393
5.7612303
5.3811765
5.7717387
10.9331145
53.8861995
87.4570347
106.9133373
105.6426966
92.5588629
79.7648859
76.9337478
77.3435754
76.413582
75.7533042
75.5335035
83.2361607
92.0089233
104.0725665
111.0142404
112.8549618
117.3464271
114.0651792
112.124628
103.7135295
91.9213533
83.8850544
82.0022994
83.4603399
91.4861304
104.2301925
111.1333356
112.5905004
110.9205405
108.8451315
104.6347659
103.0453704
100.1301651
100.2010968
99.847314
104.4219708
110.9100321
110.4450354
112.579992
112.8838599
112.579992
110.8496088
101.6994195
100.1792043
92.8233243
86.9683941
80.4085254
78.7560795
91.9966635
103.262544
110.6692146
109.9844172
105.0463449
94.4757702
91.3924305
91.9467486
90.8783946
88.9036911
90.5254875
95.6754792
98.4260529
106.5078882
108.2908134
110.4678036
110.3968719
110.0649816
109.9739088
106.7548356
106.3931715
106.2732006
106.4833686
107.0560764
108.3004461
109.3039983
110.5185942
111.0405114
110.8697499
110.0562246
109.9861686
109.1533779
107.6077674
107.938782
108.0692613
107.2058211
109.0430397
109.8460566
109.9861686
109.9765359
110.1271563
109.2733488
108.9624753
107.5131918
107.2338435
107.1637875
107.1436464
106.4439621
104.9053572
106.633989
106.064784
106.5341592
103.236273
99.4891527
96.0318891
90.3766185
86.5296684
86.5489338
86.8492989
95.3821197
100.3184406
107.5237002
109.0517967
109.4817654
109.4318505
109.0220229
108.902052
107.789913
105.022701
104.0340357
102.4954308
103.9841208
104.8230414
104.8230414
105.1225308
108.8880408
109.3582917
109.7173287
108.5789187
105.5822733
99.8683308
97.1308926
97.0310628
100.5776478
105.2022195
107.5596039
108.219006
109.4178393
109.63764
108.0596286
107.3003967
108.9686052
107.6699421
106.2810819
105.3519642
106.2013932
109.8775818
122.6032542
177.0350148
162.2111652
143.2513845
133.1624448
116.0810406
107.4501414
104.3335251
99.5285592
97.2911457
98.6493564
103.0944096
107.3301705
107.4300003
107.3205378
107.1103698
106.7110506
106.0315074
106.4991312
103.385142
102.4271262
102.6162774
101.8973277
103.4245485
109.5141663
140.1794289
154.4542146
125.1060048
107.378334
104.0541768
97.2456093
90.9974898
86.5646964
84.618891
86.0559147
95.9486976
102.0969873
104.3729316
105.9001524
105.7609161
104.9325039
100.2107295
104.0892048
99.8551953
101.7712269
101.2300443
103.1460759
107.7706476
112.3356717
116.9199612
131.8777929
108.1218033
97.0065432
84.8570814
80.4234123
79.6606776
78.9487335
79.9321446
82.8009378
85.6198161
96.9557526
108.6437205
111.5527959
111.5527959
109.8872145
103.4569494
102.6915876
97.3384335
99.514548
97.7640237
99.9287541
103.5208755
108.0745155
111.2217813
110.3005449
103.1670927
99.7877664
99.3420351
97.0354413
92.5019424
91.6218639
89.6384034
94.9302585
102.7117287
104.1286113
106.8301458
111.0396357
110.6753445
108.4589478
106.0411401
101.9857734
98.0022141
97.1186328
99.120483
97.6370472
101.40606
113.0406102
119.2799727
124.5227886
110.0133153
98.043372
86.8151466
79.3874592
76.0238955
74.6420409
75.4748316
87.6584457
97.158915
103.4184186
108.3162087
109.6980633
109.9318752
108.8442558
102.3815898
102.9569247
99.1336185
96.0669171
97.0993674
95.0756247
99.7264674
103.5296325
106.2591894
102.8141856
93.1324464
83.2571775
55.6647462
42.3234567
50.5637937
62.8113339
65.9594754
81.4068234
93.4906077
102.7835361
109.9598976
111.0948048
108.4677048
105.5236014
104.4499932
108.7715727
101.2151574
98.7404292
93.577302
93.2191407
94.3233984
93.8741643
97.7491368
97.4014839
96.6650202
88.1786115
55.7146611
42.1150401
39.4669233
39.1096377
55.6735032
89.0166564
100.0084428
108.3626208
116.81838
117.0539433
117.0434349
117.0232938
113.2297614
102.421872
90.100773
88.577055
83.1170655
81.4917663
93.148209
115.4382768
127.8101664
138.2598945
126.0824103
116.9514864
114.1501221
105.8467347
101.9209716
96.4399653
94.2314499
95.2744086
105.8677515
116.4199365
117.0127854
116.9103285
116.5215177
114.1089642
104.7118275
100.1327922
98.8069824
97.3787157
95.5940391
95.390001
100.2045996
107.150652
108.5990598
108.6297093
106.6304862
99.7553655
93.1254408
87.3318096
81.5994774
72.5114628
73.5211449
85.8834018
90.065745
95.5222317
100.1433006
106.0691625
106.3038501
101.1424743
96.440841
99.1686465
96.9618825
97.9015086
96.0213807
97.0328142
104.2363224
109.804023
115.9750809
115.8428502
106.0341345
101.6924139
104.5629585
99.6695469
99.9550251
98.4435669
98.4129174
101.8658025
105.2784054
104.654907
109.129734
110.6630847
111.2349168
109.9169883
108.8950464
110.9818395
104.7853863
102.0321855
100.5321114
101.4971328
107.3135322
124.7198211
151.3235871
140.6365443
112.9031253
103.6242081
100.9121652
97.6852107
97.02756
97.4487717
95.9898555
95.8462407
105.1558074
116.9208369
129.2717097
163.93104
126.8574048
116.2736946
105.9570729
105.8029497
97.5853809
95.1605676
97.0923618
97.7491368
102.3920982
115.5512421
127.8881037
131.381271
125.0219376
117.2973879
113.7026394
109.4703813
100.2658986
97.2867672
96.06429
97.7184873
106.511391
116.424315
124.0052499
129.4704936
128.4021396
120.5952741
109.8504351
112.4915463
113.2656651
110.7979425
109.7033175
105.9343047
107.4527685
107.9379063
114.1019586
117.8298135
111.7069191
108.175221
100.4620554
92.0264373
84.9534084
75.1744665
78.2210268
85.3141968
95.030964
99.2640978
107.6690664
109.961649
113.1421914
113.0589999
111.6140949
107.133138
95.9530761
94.7139606
93.0212325
91.9371159
93.1236894
93.2585472
89.2942533
84.627648
57.962583
34.187328
79.1869239
82.4287653
82.1502927
82.0679769
82.0163106
81.2106666
86.8992138
99.0907092
109.9309995
119.1494934
126.8819244
121.8028644
113.3891388
114.3182565
105.2643942
100.3604742
97.0783506
93.0825315
92.8557252
92.0089233
93.227022
93.0308652
93.3715125
84.5969985
82.0058022
81.8814528
81.685296
79.5179385
82.9970946
90.7391583
95.4670626
107.9694315
114.2044155
122.9999463
126.2829456
119.7896301
109.558827
106.3073529
93.0107241
90.6358257
88.1584704
88.4886093
97.955802
113.657103
131.9714928
139.8484143
127.9248831
120.2642595
113.884785
109.5386859
103.3755093
96.6956697
92.0605896
100.4331573
109.5176691
114.8033943
118.1792178
122.8458231
138.238002
128.5746525
118.7055135
112.2183279
107.2058211
105.5454939
102.8229426
107.7216084
112.9092552
124.4702466
137.8465641
129.1517388
112.5379584
104.3081298
94.2113088
87.3116685
89.6322735
84.5996256
82.8666153
93.5720478
106.4632275
112.8987468
123.1085331
118.0347273
121.7678364
114.8681961
112.4652753
108.9073062
100.9620801
99.8481897
100.9620801
103.1381946
110.8128294
115.7482746
134.6485077
126.7864731
113.3742519
101.3578965
90.1848402
79.9277661
69.3484344
65.6302122
74.7313623
87.9045174
107.719857
115.207092
124.1208423
126.4633398
119.9139795
110.7401463
99.6082479
89.5359465
84.5181855
83.4813567
84.434994
83.7615807
93.1954968
102.1109985
110.3215617
104.173272
98.6169555
95.8182183
89.7119622
85.0672494
84.1968036
84.4770276
86.6741589
92.1376512
88.6024503
88.6129587
88.5402756
87.7521456
91.5885873
88.042878
82.2063375
83.9209581
81.2579544
86.3589069
87.2705106
90.1077786
90.8757675
88.7049072
92.2795146
93.8767914
95.2192395
88.1103069
81.2579544
78.8094972
63.5688144
57.4940835
71.404578
81.4935177
91.3468941
95.5975419
98.1178065
99.6949422
101.3745348
99.8079075
96.2333001
96.1238376
89.7250977
88.8695388
89.7356061
89.1541413
90.3056868
89.3581794
88.0638948
83.8351395
75.8872863
67.9902237
58.2594453
56.1805335
58.890825
49.0278159
44.0958735
64.1896857
85.8632607
97.5810024
101.3719077
101.4734889
101.5452963
99.7212132
98.6817573
92.1910689
90.1629477
89.9597853
86.8922082
87.8397156
94.3102629
102.1363938
120.3141744
114.2105454
103.3895205
95.9714658
89.3275299
85.0374756
78.4346976
78.9855129
81.6546465
87.5953953
93.9433446
98.8656543
100.4042592
101.3719077
100.7703018
98.4172959
88.2574245
87.7705353
84.7625058
84.8842281
87.1627995
88.226775
91.6910442
98.2141335
98.8218693
99.2676006
97.859475
91.8425403
78.8068701
73.3871628
69.5078118
75.8688966
83.9419749
84.8439459
96.0966909
97.8288255
98.4365613
98.4067875
98.2342746
93.4231788
86.545431
74.364444
70.8485085
69.9465375
69.3081522
69.6829518
75.6412146
84.3675651
90.345969
90.7015032
90.083259
87.3572049
87.4579104
85.6539684
88.6847661
89.5762287
89.6874426
90.731277
94.6132551
95.7481623
95.7683034
96.1833852
96.3961803
94.7752596
94.2279471
89.5263138
87.8055633
87.5323449
87.5927682
89.0201592
90.5491314
93.2314005
95.7411567
99.8508168
93.52476
98.6467293
100.8027027
103.849263
98.0897841
94.2332013
92.3101641
93.5650422
95.2455105
93.1096782
92.6849637
92.0675952
91.7234451
91.4905089
90.8118414
88.069149
87.5761299
87.5857626
86.3273817
85.1994801
87.6961008
87.5157066
90.1331739
90.7881975
89.549082
87.6961008
84.8062908
80.1344313
74.1428919
71.0507952
74.6761932
79.9531614
83.4673455
83.8798002
85.1285484
87.4447749
88.2801927
87.6759597
88.4316888
82.6687071
80.6712354
78.051141
76.2673401
76.2577074
80.5083552
84.1468887
86.25645
86.2266762
85.4621901
74.6061372
44.48556
20.9502468
10.4611122
9.9514548
10.9304874
46.0250406
73.9537407
85.2169941
87.6129093
87.2862732
87.5008197
87.3580806
86.8072653
84.9919392
84.3412941
84.0164094
83.8640376
83.8438965
84.0978495
80.82711
77.3532081
75.5545203
65.020725
30.9402324
19.17783
14.8194711
6.5712528
4.8137229
6.5003211
58.0317633
75.9914946
87.4097469
87.6531915
87.8458455
87.8870034
87.7950549
87.2162172
78.7446954
69.3072765
67.9359303
70.2626652
80.2272555
80.9488323
87.8870034
98.3594997
100.2597687
93.3522471
91.0561617
89.1261189
91.0255122
89.7356061
86.4744993
80.1974817
78.1246998
79.3541826
86.2109136
88.7504436
89.6743071
88.5779307
86.9018409
85.4289135
79.0958511
74.9065023
71.9440092
65.7466803
67.9884723
74.78478
82.3718448
82.8385929
82.7571528
79.207065
77.0869953
67.1766984
56.6481573
45.5810607
25.526655
17.7977268
47.1328011
65.2904406
65.2904406
64.8236925
62.2368747
55.3389858
34.3826091
19.8670059
50.2940781
36.2005623
36.2005623
36.2005623
36.2110707
41.0169123
50.2634286
57.6403254
61.369056
57.4266546
55.4353128
42.7140189
12.0995469
6.1754364
4.9056714
13.0540599
50.3343603
64.5802479
70.7066451
76.2244308
81.6397596
84.058443
83.0014731
81.2132937
83.5864407
82.744893
82.6424361
82.6529445
81.9445032
81.8726958
84.0479346
86.5611936
91.8950823
84.24234
78.5494143
71.3590416
69.1330122
50.7091599
35.8152543
60.002964
76.4775081
86.5813347
91.3722894
92.0693466
92.079855
92.0693466
89.8538256
84.2633568
89.7925266
87.2582508
84.3045147
81.1344807
82.5189624
85.258152
89.9764236
110.093004
109.19979
94.9617837
77.6054097
66.763368
66.8351754
64.2089511
64.0653363
70.5586518
77.9959719
89.6690529
98.5013631
98.3577483
98.0188524
97.4549016
97.106373
89.9046162
82.8893835
78.1816203
72.5823945
70.1934849
69.4237446
70.0700112
66.3369021
66.7064475
62.840232
50.7800916
9.3279564
5.0308965
4.4870868
4.0772592
4.5492615
4.64121
6.0362001
35.5613013
62.9838468
77.58702
85.7502954
85.196853
82.6739613
77.3514567
62.8104582
47.314071
40.6692594
35.2635633
36.4597695
34.6645845
37.357362
33.9114825
25.8953247
6.9110244
4.64121
4.1455638
0.6690348
-0.5175387
0.0604233
1.0298232
4.2182469
9.7894503
59.7674007
76.2130467
82.0425816
82.2387384
82.0014237
81.4024449
77.7087423
76.1613804
75.9039246
75.9240657
76.0992057
77.306796
76.0379067
84.0023982
95.6203101
87.7372587
85.065498
78.3900369
71.6524011
69.5069361
72.6428178
73.7680923
74.3872122
77.4197613
78.2455464
81.6914259
80.5460103
79.4321199
77.9670738
77.1517971
75.3443523
70.5034827
70.2968175
66.8903445
66.5085393
66.5085393
75.2716692
78.3996696
81.3717954
76.9643973
66.8702034
51.0778296
32.9429583
25.3874187
10.5451794
9.1107828
17.8634043
60.3155889
67.8816369
73.6717653
74.2812525
75.467826
75.5921754
70.5139911
71.2705959
70.9912476
71.8398009
72.5027058
73.5482916
73.2689433
75.0177162
83.7545751
93.7323009
82.9051461
80.5661514
82.2115917
83.9612403
76.0843188
79.9969464
73.7654652
74.4380028
76.0738104
76.0738104
75.038733
75.0492414
75.038733
74.0964798
72.8748783
70.7907123
66.5339346
63.3341268
56.8399356
55.0789029
56.8399356
73.0797921
75.0781395
75.3583635
68.4499662
65.5505235
52.6348242
39.5851428
18.6541614
11.6739567
11.6319231
16.5621141
47.1047787
63.7894908
66.0680622
68.357142
68.5121409
68.6364903
66.0785706
65.6170767
65.2037463
64.97694
64.9252737
65.0286063
65.0697642
68.5786941
74.1726657
74.4616467
66.6285102
60.9005565
37.8022176
25.6650156
5.6736603
4.64121
5.6631519
27.8840394
56.9677878
63.7492086
65.379762
64.9051326
64.512819
63.3358782
61.6948164
62.6484537
62.1615645
61.7990247
61.6948164
61.4154681
59.2918956
57.3443388
58.8050064
61.8401826
58.3496424
26.6011389
6.1947018
4.64121
2.2487976
2.6209701
5.6771631
18.5525802
58.6605159
63.1248345
62.8349778
62.5757706
62.4619296
62.2342476
62.0993898
57.3399603
56.6726769
55.2444102
55.0149768
54.3476934
53.3152431
55.4116689
57.4756938
43.951383
6.5073267
1.4300181
-5.8488003
-5.8172751
-5.69205
-5.7857499
-0.4781322
-0.6138657
6.5388519
49.4779257
67.4341542
76.1193468
75.5562717
70.6768713
64.9935783
64.4199948
59.2174611
57.1008942
53.7636015
59.7279942
64.5452199
67.9341789
65.8386288
35.8397739
8.8436943
8.2806192
7.0397523
6.8313357
6.5913939
6.3409437
6.39261
6.2472438
6.9661935
40.9074498
61.9802946
75.3898887
72.8249634
70.2390213
66.7353456
63.3779118
61.500411
60.9478443
60.8751612
61.0835778
60.9066864
79.592373
94.4924085
68.3615205
68.7993705
69.1338879
70.2906876
69.9465375
64.45152
63.5337864
67.2047208
66.6722952
66.6722952
65.9008035
65.4112872
62.7622947
60.7289193
60.7184109
59.967936
65.3386041
64.3175379
63.8586711
63.3586464
63.295596
63.8586711
65.4839703
67.3912449
70.5481434
71.4028266
63.6397461
53.6156082
20.2400541
5.2244262
3.7970352
6.5896425
38.9020968
58.6902897
65.0049624
65.870154
67.0681116
65.9008035
63.9313542
64.1607876
60.046749
59.2043256
59.0256828
58.9626324
59.1938172
59.8575978
60.2893179
66.7327185
67.3754823
67.1013882
66.7852605
62.1633159
47.4848325
14.8019571
7.9049439
33.5865978
58.1412258
67.4490411
70.8712767
70.7232834
71.9974269
70.4605734
67.4070075
66.4700085
65.4174171
64.1931885
63.6178536
63.4821201
63.4821201
64.434006
66.0864519
65.3648751
65.3858919
65.3964003
65.1240576
65.2081248
60.0826527
52.2363807
44.4225096
57.2576445
62.3104335
62.4251502
62.1431748
64.1931885
63.4716117
62.5924089
60.6369708
63.2623194
62.6510808
61.6860594
61.4583774
61.4067111
61.3235196
61.4268522
61.3856943
61.8209172
64.4033565
59.6430513
51.7503672
13.8824721
8.3025117
6.9434253
6.5808855
6.3321867
32.6662371
55.5150015
61.841934
62.6405724
61.8209172
61.5205521
61.4163438
61.3646775
60.2735553
59.8392081
59.6115261
59.6430513
59.5493514
59.6115261
59.5598598
59.5808766
55.6840116
40.7883546
13.1381271
32.5707858
32.5707858
23.495031
9.2929284
7.7420637
39.1035078
54.5674941
59.5187019
60.1281891
61.3173897
61.2035487
60.5835531
60.3252216
58.2471855
57.4310331
57.3995079
57.2550174
57.2138595
57.5650152
56.3451651
58.3093602
57.9993624
58.1753781
58.2060276
58.0720455
57.8233467
58.3198686
58.2366771
57.7410309
57.5448741
57.2033511
57.0177027
56.9038617
56.955528
56.7488628
56.2934988
55.6629948
56.4852771
55.6148313
55.3240989
55.3766409
55.3766409
56.3504193
57.4695639
58.3198686
57.5527554
57.5842806
57.6359469
57.3872481
57.4800723
57.4905807
57.4178976
57.2523903
57.0965157
56.8898505
56.7961506
56.6096265
56.8373085
56.6612928
57.0448494
56.4957855
62.7885657
62.0091927
60.4609551
60.2113806
60.6790044
60.1492059
64.8560934
88.7662062
88.7767146
88.7767146
77.3462025
72.0473418
71.8704504
71.6629095
71.4650013
61.1571366
58.6736514
58.6009683
59.1833088
59.3076582
61.0327872
60.1386975
62.8717572
60.2429058
64.6494282
64.1423979
63.7395759
63.5434191
63.4917528
63.2850876
63.9979074
65.8377531
65.6310879
65.5689132
64.8044271
64.8867429
64.8666018
65.0417418
65.2799322
65.1249333
64.7729019
64.5355872
64.3184136
64.1117484
64.8245682
64.3490631
64.1222568
63.5329107
62.8411077
61.1098488
59.749011
59.3365563
59.0685921
62.7377751
64.0162971
65.1599613
64.7063487
64.7273655
64.1914371
63.9847719
63.882315
63.5626845
63.3980529
63.1913877
65.0566287
65.1398202
65.0566287
64.9436634
65.4279255
65.108295
65.4279255
64.4795424
66.6644139
66.1565079
65.8710297
65.7493074
65.6477262
65.8202391
66.054051
66.1862817
66.4104609
63.1458513
37.4379264
17.7697044
9.2780415
18.1865376
13.3561764
15.1662483
18.5228064
52.2547704
65.6275851
66.4411104
66.5934822
66.3798114
66.7152045
66.6039906
66.3132582
63.4085613
58.1561127
55.1708514
57.1849614
54.3617046
55.2111336
51.9228801
34.3440783
21.2479848
4.6517184
2.9406006
1.1392857
-0.4798836
-0.5096574
-0.6620292
4.5501372
53.1873909
67.1434218
69.6733191
70.0174692
69.8756058
70.3213371
69.8756058
67.6285596
65.9393343
65.2606668
65.1293118
65.300949
67.1232807
69.2888868
76.2410691
76.4538642
72.5070843
72.4869432
69.8248152
68.0847993
66.3841899
69.2275878
71.3231379
70.7661927
69.4097334
68.5401633
68.3982999
68.7012921
68.5191465
69.8248152
68.9044545
69.0305553
68.470983
68.1259572
67.9324275
67.8413547
68.1049404
69.5997603
73.839024
75.7296603
75.7909593
75.8207331
75.7804509
64.5881292
57.3093108
55.5202557
67.1802012
69.8738544
69.2739999
71.6532768
71.4702555
71.2460763
71.2057941
70.870401
69.8134311
76.0484151
75.406527
74.1227508
73.8582894
73.7356914
74.8670958
75.8960433
76.1911542
79.8585858
77.6684601
76.0081329
75.1823478
75.8653938
76.1815215
76.0484151
75.966975
77.3733492
80.0932734
78.270066
77.9740794
75.9976245
74.4493869
74.5614765
81.3971907
81.7562277
79.7403663
78.777972
78.4679742
78.3374949
78.6781422
83.1696075
88.8537762
88.6935231
88.8634089
89.6559174
90.1366767
90.3170709
90.0464796
90.1165356
89.2644795
88.8537762
86.6382552
85.0646223
86.0769315
88.0420023
86.4876348
87.9719463
84.8737197
83.9586132
83.0837889
82.3692177
81.9164808
81.6047316
82.8219546
84.5724789
90.2251224
91.7330778
91.9248561
91.0193823
91.1700027
90.2654046
88.9168266
88.1724816
88.112934
88.0726518
86.5235385
86.4631152
85.0646223
85.1049045
84.9542841
85.1653278
84.6425349
87.1995789
85.2721632
84.4752762
83.8701675
83.4261876
84.0015225
84.6267723
84.9192561
84.9192561
86.422833
86.4534825
77.6036583
66.5146692
55.0929141
45.6887718
72.5491179
83.0732805
87.3107928
87.1190145
87.3615834
88.4308131
87.5025711
87.5831355
87.3107928
85.5839124
84.9034935
84.7922796
84.356181
83.71692
83.71692
84.4980444
84.8833524
84.8632113
82.3779747
71.0551737
60.8077323
52.5901635
35.4027996
30.807126
55.9983879
83.2501719
86.8317849
85.8072159
85.7967075
86.5471824
85.8072159
87.0848622
85.8072159
85.4823312
85.3098183
84.6810657
84.2852493
84.0925953
84.8325618
87.0139305
93.8522718
97.2000729
106.1392185
102.3544431
95.9014098
93.4976133
92.2085829
91.265454
90.8494965
90.2102355
91.0824327
90.9510777
90.4028895
89.9361414
87.7442643
87.4097469
85.8676392
84.8938608
83.5803108
82.9804563
82.9296657
82.7667855
83.1021786
85.3413435
84.0391776
84.5479593
84.9446514
85.0768821
85.2292539
85.1381811
85.2196212
85.2292539
84.7108395
84.4971687
84.0899682
83.3876568
83.7029088
84.1302504
83.7029088
83.9165796
86.6137356
84.9131262
83.1345795
80.7115176
80.3034414
80.2824246
81.8262837
85.2196212
86.4972675
86.8449204
87.1006248
87.0804837
87.0699753
87.3353124
87.1514154
86.7424635
86.7529719
86.773113
86.4876348
86.4359685
86.4464769
86.4569853
86.405319
86.1093324
84.9849336
81.7071885
78.0782877
76.0939515
75.3233355
74.6753175
75.8470041
82.744893
84.1941765
86.9491287
85.1915988
85.3562304
85.2432651
85.3150725
84.8527029
84.6670545
84.5540892
84.5645976
83.7624564
83.7318069
83.9682459
84.3798249
83.8552806
83.751948
82.9506825
69.0866001
68.0217489
67.4534196
66.5602056
65.9918763
68.0007321
73.5517944
77.245497
79.0923483
80.1571995
80.1983574
80.187849
80.1782163
80.0556183
79.8629643
79.4268657
78.8383953
78.0467625
77.6106639
77.3164287
76.1999112
73.6332345
73.602585
70.0708869
60.4679607
57.6289413
56.5754742
56.1831606
53.9019621
53.0656686
53.881821
56.7199647
59.3838441
65.7939681
63.2754549
31.3159077
20.6104752
6.664077
4.9818573
18.2776104
57.2366277
64.27638
64.5242031
63.812259
62.6764761
61.8611994
62.6458266
61.5923595
55.6481079
52.2862956
51.5034198
50.956983
50.5235115
52.471944
59.8961286
62.2263663
60.318216
38.2024125
14.869386
4.8373668
5.5589436
5.6622762
5.630751
10.3428927
30.8298942
65.7107766
68.4639774
68.0515227
67.0619817
66.535686
64.9585503
62.638821
71.5569498
66.9892986
66.4122123
65.6389692
65.9174418
71.6191245
80.9707248
82.05309
84.8886066
87.0647211
87.1163874
87.0331959
77.7639114
66.710826
59.2875171
62.1230337
71.1961614
74.1866769
73.4545917
72.928296
72.6296823
71.7014403
70.6908825
65.0102166
68.5979595
68.1154488
67.1083938
66.667041
66.4612515
66.4507431
70.0463673
71.9264952
76.5895977
81.685296
81.7772445
84.4586379
77.2778979
71.4334761
74.6175213
81.7159455
81.7054371
81.5513139
80.9864874
76.107087
81.6134886
76.3023681
81.7772445
81.685296
77.76216
77.8033179
76.9582674
76.0615506
74.5465896
72.3617181
72.6200496
77.2262316
89.3152701
96.3340056
106.2889632
96.6019698
105.5884032
101.9297286
90.7479153
79.1746641
78.4215621
76.7629863
74.9283948
74.907378
76.422339
76.4328474
75.2068674
73.917837
77.6386863
77.6185452
77.3698464
77.184198
77.1115149
74.6919558
77.1010065
78.672888
80.9786061
84.7108395
84.3701922
87.8440941
94.1307444
99.0215289
97.0564581
80.2859274
79.8410718
79.5617235
78.9522363
78.7455711
78.9828858
78.8900616
78.6518712
78.1868745
75.6473445
75.2970645
74.8241865
73.03338
71.5516956
69.679449
72.2723967
70.5437649
72.2723967
75.677994
75.853134
75.7909593
75.029976
74.9371518
74.7523791
74.7007128
76.326012
75.5343792
75.7813266
74.8758528
71.1094671
67.1171508
68.5375362
67.0865013
72.5710104
68.8396527
68.3895429
68.2161543
66.7642437
57.8811429
58.5151497
60.9890022
71.0788176
68.9727591
51.4307367
30.6065907
22.3574967
9.3130695
4.7130174
5.6535192
17.5936887
59.792796
72.4484124
73.4300721
72.7654158
72.2741481
73.0211202
72.8468559
29.756286
7.8865542
4.6517184
4.64121
4.6105605
4.5904194
4.579911
4.1087844
1.5289722
-0.5087817
0.3003651
1.4983227
2.0815389
0.3310146
-2.136708
-1.593774
0.2486988
3.5457093
4.64121
9.7299027
33.7897602
33.5953548
26.4794166
21.8723589
26.6536809
25.0870536
22.8041037
14.808087
14.7870702
23.039667
57.0413466
61.2595935
63.6756498
62.7745545
26.2035711
22.4047845
21.5343387
19.7330238
15.9955362
14.869386
22.1587128
35.5814424
58.3925517
62.5906575
68.6417445
71.3853126
71.1698904
70.6584816
66.089079
61.4338578
60.8287491
60.6649932
60.449571
60.9828723
66.150378
71.2154268
71.1952857
68.2012674
57.9170466
28.8079029
29.4436611
29.1056409
29.003184
53.0569116
57.1788315
59.7630222
61.0958376
69.2363448
69.4824165
68.9289741
68.9184657
67.4324028
60.4539495
59.4591543
57.3259491
57.3163164
57.0212055
57.0010644
60.3015777
61.439112
65.6836299
67.9385574
67.7248866
54.9300339
51.1820379
50.3396145
48.4507296
46.7343576
44.4697974
52.97985
64.4856723
70.8126048
68.1110703
61.4697615
57.3968808
56.9704149
53.7399576
50.8063626
46.4970429
42.3208296
46.7720127
52.3038096
60.8094837
67.7669202
70.1199261
69.2433504
68.4998811
66.0855762
62.2351233
62.6326911
61.5126708
60.6667446
57.5089704
67.0637331
69.7635162
70.0481187
69.5288286
67.1250321
65.3928975
60.6667446
60.8234949
59.3654544
56.5404462
55.1944953
56.0307888
59.976693
65.8500129
70.7136507
71.1313596
71.6926833
71.5087863
71.5595769
71.9273709
70.8870393
69.3064008
70.3467324
70.1532027
70.1733438
71.7539823
71.824914
70.6628601
69.591879
65.3193387
61.3226439
59.7892932
57.1937184
53.6445063
52.4754468
51.8694624
48.9770253
53.3879262
59.7069774
61.5021624
61.3278981
61.8200415
56.9677878
41.2524756
27.680877
27.6502275
48.9770253
63.8105076
64.1388951
66.1906602
66.6828036
64.9384092
63.0101178
61.6974435
61.3384065
57.6368226
57.5562582
56.4003342
55.7111583
55.4572053
55.8836712
60.1106751
61.3471635
63.1721223
65.1485772
64.1853072
56.8364328
50.956983
42.1378083
50.1049269
60.5467737
68.9097087
65.4629535
65.4217956
65.4217956
65.432304
65.4830946
63.9217215
62.1887112
62.0468478
61.7123304
60.607197
60.6886371
60.8199921
62.4216474
65.2799322
65.432304
65.9997576
67.4595495
67.4700579
67.4499168
67.4796906
68.4228195
67.5917802
67.297545
67.5304812
65.4217956
65.3920218
65.3920218
65.4217956
63.5775714
60.6676203
56.6034966
59.7279942
56.8276758
56.0675682
55.1034225
56.289996
59.6675709
61.2998757
64.0381896
64.7685234
65.4480666
65.2449042
65.4480666
61.4014569
52.8423651
52.7005017
63.3385053
64.6468011
64.5557283
65.4480666
65.2650453
63.4199454
60.5695419
59.7892932
58.277835
51.429861
49.5024453
45.6782634
45.3472488
45.2465433
49.8641094
52.3239507
55.3451157
56.8005291
58.5878328
59.1903144
55.6060743
42.7875777
22.9915035
24.6176784
32.5882998
49.6837152
48.6293724
54.8932545
55.887174
54.4221279
54.0000405
53.5481793
52.7556708
45.5530383
44.9864604
44.2499967
43.4942676
44.3796003
45.1554705
45.632727
48.7957554
51.8790951
52.5560112
52.7749362
51.9789249
53.7688557
50.8948083
50.8948083
51.1435071
49.4717958
51.3221499
52.3467189
52.4062665
52.0288398
51.6409047
49.3229268
47.4927138
41.8532058
41.114115
40.4634699
40.7883546
41.586993
44.5538646
47.9944899
47.9051685
48.487509
48.6249939
48.9209805
48.2405616
48.8518002
47.8464966
47.0679993
46.4366196
46.5452064
48.9507543
48.9306132
48.4577352
48.960387
47.6590968
46.8017865
44.100252
41.3050176
40.5492885
33.2634645
24.2297433
21.3136623
18.083205
24.1807041
26.8323237
33.9701544
21.7357497
9.2465163
4.6604754
4.6219446
4.5037251
3.6105111
4.5431316
6.3794745
25.1623638
39.5080812
39.783051
37.5447618
34.7556573
25.0152462
20.5675659
18.2723562
16.8913773
7.2061353
4.7103903
4.64121
4.2173712
2.530773
3.5168112
2.5106319
-5.3014878
-15.0068709
-20.5500519
-34.3598409
-46.2352086
-56.3547978
-43.0100055
-5.3207532
3.5360766
14.5637667
30.1976388
22.2672996
16.9018857
13.3999614
10.8648099
30.7405728
26.7648948
15.3921789
13.6863153
13.6863153
12.7195425
33.6400155
34.2022149
37.348605
36.2145735
33.837048
17.8975566
5.5388025
5.2428159
4.9074228
8.4189798
10.8254034
17.7495633
20.6104752
26.1737973
32.9394555
34.4193885
33.5121633
33.1172226
25.6904109
24.2402517
23.8855932
23.5204263
23.2638462
19.8512433
22.3960275
24.4775664
25.009992
24.9110379
24.931179
25.0590312
25.5030111
25.7000436
25.6807782
25.3550178
25.3453851
25.8979518
28.8079029
29.300922
26.9829441
25.6019652
25.868178
24.852366
22.8049794
22.5676647
21.4476444
22.2795594
23.7962718
24.9259248
24.5099673
23.9749146
24.8760099
25.2525609
25.6098465
25.6396203
25.6588857
25.5599316
25.421571
25.3121085
25.3322496
25.2131544
25.2823347
25.2525609
24.4898262
23.7367242
24.0239538
23.2804845
21.156912
21.5825022
21.2952726
21.1472793
21.0378168
20.2067775
19.939689
19.633194
19.9896039
20.5132725
20.701548
20.6919153
20.7409545
20.6525088
20.5728201
20.5728201
20.4344595
20.3451381
20.246184
20.1279645
20.0088693
19.7321481
19.5736464
19.4948334
17.6689989
17.77671
17.6304681
17.522757
17.435187
17.014851
17.3765151
16.9850772
17.2591713
17.5323897
17.6401008
17.6593662
17.5814289
17.5420224
17.4938589
17.435187
17.4150459
17.3957805
17.435187
17.4150459
17.3957805
17.2197648
17.1707256
16.9561791
19.1463048
19.3126878
18.7846407
18.363429
18.1488825
17.4246786
17.4343113
16.4079909
16.9264053
17.5516551
18.0113976
18.2854917
18.7846407
18.9019845
19.2934224
19.2347505
18.7846407
18.5201793
18.3152655
18.1979217
18.0700695
17.8450146
17.6987727
17.6304681
24.8935239
24.5406168
24.1877097
24.1483032
19.6288155
15.5121498
9.6213159
7.4644668
7.9933896
4.8373668
8.0625699
9.159822
8.6011254
8.6308992
12.5619165
9.4934637
16.708356
18.2075544
26.3436831
24.1877097
23.3251452
23.2857387
23.3050041
21.9424149
25.824393
25.5695643
25.8147603
26.0012844
25.9417368
26.8831143
30.4121853
30.500631
31.2940152
32.0094621
32.4998541
32.0488686
31.5392112
31.1083668
30.7256859
31.0199211
30.6573813
30.1967631
29.9217933
28.9217439
28.0101402
26.8638489
26.6580594
23.363676
30.5514216
29.0925054
28.0539252
26.1843057
25.6553829
26.507439
30.5610543
31.814181
31.148649
31.647798
31.3737039
30.8841876
29.2492557
29.0338335
28.3770585
28.4068323
28.8376767
29.7186309
30.404304
32.059377
32.2546581
31.980564
31.1976882
29.1021381
30.2282883
30.1013118
29.213352
28.9699074
29.0767428
30.5015067
32.8334958
32.5707858
32.9604723
33.136488
33.3221364
33.1758945
33.5559483
33.6049875
33.478011
33.4193391
33.390441
33.3317691
33.4193391
33.2634645
33.3414018
33.1172226
33.0191442
32.6776212
34.4701791
33.9307479
33.4797624
33.3037467
33.4412316
34.4990772
36.4983003
33.9701544
34.117272
34.6269294
35.352009
35.3914155
34.5384837
35.3029698
35.028
34.616421
34.283655
34.2442485
34.117272
34.1759439
34.7635386
34.7933124
34.6067883
34.1269047
36.2566071
34.6829742
34.1058879
34.0866225
34.7416461
35.0735364
33.959646
32.8939191
33.2459505
33.9106068
33.959646
33.9491376
33.9395049
33.8125284
33.7538565
33.460497
33.62688
34.0761141
34.2039663
34.6926069
34.8484815
35.5140135
34.7311377
32.3947701
26.9549217
24.2463816
24.178077
19.7627976
19.6445781
15.1802595
15.307236
19.3599756
23.2358238
24.9732126
25.6597614
26.376084
26.4934278
27.9558468
22.5002358
23.9425137
30.9883959
32.8229874
33.0585507
33.2354421
31.9595472
31.0759659
30.1634865
28.6327629
29.2107249
28.8963486
28.6896834
29.1415446
29.1030138
28.7194572
30.1748706
30.8929446
31.4341272
15.0769269
4.6998819
4.4940924
3.9038706
4.64121
4.6508427
4.6902492
7.2183951
20.692791
31.551471
36.7452477
36.6270282
36.4501368
35.3975454
33.1645104
34.1479215
33.7748733
33.6566538
33.5288016
32.3877645
35.7119217
36.5683563
36.8240607
38.2794741
39.5185896
39.5676288
39.5877699
39.2628852
38.9380005
36.8433261
38.574585
38.8101483
38.9879154
39.0956265
39.0763611
38.7611091
37.0009521
34.9255431
32.3185842
30.6039636
29.8990251
29.5767675
29.3902434
29.2825323
29.537361
32.611068
36.34155
37.91781
38.4362244
37.8976689
37.5745356
37.3302153
36.5271984
36.8695971
36.0770886
36.1357605
36.9186363
38.6516466
38.1621303
36.2828781
36.5666049
33.9430077
32.357115
34.8624927
33.9894198
33.7731219
33.6654108
33.5874735
33.9990525
34.85286
33.9307479
33.7634892
33.9106068
34.0086852
34.1461701
34.6269294
34.85286
29.8289691
26.1492777
32.57604
33.8221611
33.71445
33.5874735
33.469254
33.5576997
33.71445
33.3808083
28.2211839
14.2152381
8.1063549
10.2921021
11.8928817
28.4453631
30.9831417
27.0696384
30.2317911
31.4323758
32.9841162
34.0769898
30.4953768
25.8883191
22.1893623
22.4625807
29.9585727
34.9456842
34.0086852
33.5498184
34.0086852
33.0427881
31.5882504
30.1827519
26.5503483
25.8007491
24.7052484
24.4092618
23.600115
20.4221997
23.5896066
25.2972216
27.8726553
29.117025
29.51109
29.1065166
28.6721694
27.2710494
24.9022809
24.5572551
24.6457008
27.8332488
29.1564315
28.8499365
27.6160752
25.2875889
22.5046143
21.4380117
27.5267538
24.0598575
22.7182851
21.6411741
21.2199624
21.0238056
21.3574473
19.466811
20.4362109
21.533463
21.5238303
21.5728695
22.3067061
22.0912839
22.4634564
21.8171898
21.9835728
22.3172145
22.7086524
22.9337073
22.4144172
22.2970734
22.0037139
21.4257519
23.1683949
21.4923051
20.2155345
19.9712142
19.5622623
19.6787304
19.1725758
18.6165063
20.2251672
20.5272837
22.4082873
23.7629952
24.5423682
16.7845419
16.2976527
13.5006669
18.5779755
26.1895599
25.1860077
26.0039115
26.1019899
25.9461153
25.1754993
24.1334163
25.868178
25.351515
25.1369685
11.4734214
8.1011007
4.7384127
23.976666
21.1998213
23.7918933
25.3121085
14.6014218
5.6447622
4.6998819
4.64121
4.6315773
4.6315773
4.4757027
4.6018035
5.4013176
9.1046529
6.0151833
5.333013
4.72878
4.5729054
0.4544883
-1.2566295
-1.4230125
-1.1497941
0.9825354
2.3722713
3.4966701
4.6315773
4.0737564
2.0684034
-0.4842621
-1.296036
-1.2864033
-1.296036
-1.3056687
-1.6095366
-0.6900516
2.0193642
3.634155
3.5264439
2.8801773
2.8705446
2.1962556
2.6656308
5.1245964
3.5360766
3.5071785
3.4870374
3.4774047
3.4870374
4.6114362
4.7401641
6.199956
6.7814208
6.0125562
6.1010019
5.5983501
5.9626413
7.215768
6.8208273
8.6554188
14.4359145
19.466811
21.7453824
21.8530935
21.577248
19.3188177
18.6576642
16.2407322
10.7352063
10.33326
9.9698445
10.5688233
12.4533297
17.7232923
21.5501013
25.5835755
27.5171211
27.330597
27.1344402
22.5510264
22.3154631
21.148155
21.2654988
21.9327822
22.8259962
23.0317857
22.6202067
22.2760566
21.2856399
18.3800673
14.4157734
18.8231715
17.6751288
15.9079662
15.0637914
15.6435048
17.7732072
21.5317116
23.8383054
27.5285052
27.8428815
27.7842096
24.3286974
23.740227
22.3075818
22.8373803
22.9056849
23.2988742
24.1815798
27.0670113
27.5871771
23.8383054
22.601817
21.0710934
18.459756
17.9098164
16.0717221
14.8527477
13.2642279
12.1144338
9.6370785
9.9768501
12.6845145
15.1723782
17.4798477
18.9089901
19.6288155
20.0579085
19.8985311
10.6362522
11.5557372
19.8985311
22.0466232
22.5659133
22.5063657
21.7164843
20.727819
19.3083093
17.9500986
14.8177197
15.2485641
15.3790434
15.9105933
16.4824254
13.9656636
15.158367
17.9159463
20.5728201
21.6954675
20.482623
18.6672969
10.6669017
5.7437163
6.1552953
11.5793811
21.9660588
23.9915529
24.1623144
24.1824555
23.3496648
22.8689055
21.8758617
18.8380584
20.1516084
19.2794112
18.9186228
18.8485668
19.239129
20.762847
22.9485942
28.232568
34.7197536
30.5584272
29.3753565
29.0951325
28.8744561
27.7912152
27.0994122
26.2771299
27.6712443
29.1152736
32.6942595
29.3753565
29.2851594
26.6983416
23.0291586
21.0842289
21.6832077
20.6428761
19.5324885
19.8223452
19.9528245
21.9932055
23.8129101
27.5031099
30.903453
32.5839213
30.6135963
29.2334931
28.4935266
27.5337594
27.6239565
27.803475
28.9935513
29.5434909
28.6240059
27.5031099
27.593307
26.6230314
23.6333916
22.2033735
19.9598301
19.7190126
18.4930326
18.2819889
18.0105219
16.9342866
19.939689
21.7900431
22.9056849
24.0213267
23.8199157
23.2568406
22.8251205
22.7349234
22.724415
22.5632862
22.6438506
22.6946412
22.8750354
22.6946412
25.6597614
21.7094787
18.5630886
11.8885032
11.5837596
10.4076945
9.7947045
9.6642252
9.6747336
11.7238716
16.9482978
21.1175055
23.2069257
23.5685898
24.1010154
23.6596626
23.2778574
23.0965875
23.3181396
23.3277723
23.7095775
29.1651885
31.7169783
29.7273879
30.772098
28.5119163
24.7140054
22.3934004
22.8829167
22.3487397
21.8548449
20.937987
21.1901886
22.8426345
23.4372348
31.2581115
36.2268333
37.7190261
35.7031647
34.5743874
33.4053279
31.7117241
30.018996
26.9846955
24.7577904
24.4556739
24.2533872
23.4170937
22.7217879
21.3915996
20.3740362
19.1436777
20.1910149
19.6253127
19.3319532
19.1804571
18.958905
14.8361094
17.2311489
19.1305422
20.4537249
21.6665694
22.3434855
22.5860544
21.5045649
19.1804571
16.98858
21.8180655
22.8487644
23.2629705
23.0711922
22.0904082
21.130641
20.1708738
19.160316
18.9282555
19.1471805
18.792522
18.6410259
18.6208848
18.7119576
17.6392251
18.3879486
18.7014492
21.1612905
22.0422447
23.9451408
24.1885854
23.6412729
18.0534312
18.6506586
24.0668631
24.502086
24.8462361
24.8865183
24.95745
25.1798778
24.7954455
24.1176537
23.1964173
22.2348987
20.9695122
20.736576
20.543922
20.7873666
22.9126905
23.4389862
26.1317637
26.8909956
26.1212553
26.3743326
26.3139093
26.0301825
25.9391097
25.5345363
26.1212553
26.1519048
25.9496181
25.4434635
25.3830402
25.2709506
25.281459
24.7954455
23.4293535
23.5948608
23.0387913
22.260294
22.2401529
22.8671541
23.2612191
24.2411274
24.9285519
25.6974165
25.6361175
26.3436831
25.7271903
25.6772754
25.7070492
25.6159764
25.4136897
25.5862026
25.4347065
25.080048
25.0502742
25.0397658
25.0704153
25.1816292
24.3427086
24.5493738
24.1658172
23.9836716
23.8829661
23.8120344
23.1561351
23.7419784
25.2569394
25.6711455
25.3979271
25.5494232
24.9942294
25.2867132
24.9740883
24.9338061
24.2665227
24.1658172
24.0449706
23.9136156
23.8531923
23.8531923
23.8733334
23.7918933
20.8022535
24.7656717
23.6605383
23.3566704
23.1841575
23.153508
22.9915035
23.3566704
25.982019
26.6002632
26.5196988
26.3874681
26.5398399
26.5503483
26.5091904
26.4890493
24.7761801
24.7656717
23.8934745
22.9100634
23.3365293
23.9039829
23.7218373
23.4985338
20.4572277
24.7332708
24.5406168
20.8460385
18.0017649
17.4956103
11.0180574
24.5309841
22.1420745
24.7534119
26.5652352
24.7026213
21.1901886
18.7715052
17.8301277
17.6777559
22.1219334
25.0572798
25.2691992
25.0774209
21.6762021
19.9861011
19.9957338
24.0756201
17.303832
24.2060994
24.0756201
23.0352885
22.1771025
21.7331226
17.1094266
13.2221943
17.9772453
9.6887448
14.282667
18.7548669
19.7444079
19.7338995
19.7338995
18.7145847
17.6646204
18.775008
19.7338995
19.7338995
18.643653
18.5832297
18.0788265
19.2802869
15.4438452
18.9273798
17.6138298
16.6461813
15.1601184
15.1294689
12.8482704
11.2396095
15.210909
17.8476417
18.8967303
19.3958793
19.4571783
17.2066293
19.2531402
19.5079689
19.8337293
22.1858595
24.2525115
24.2428788
24.283161
24.3646011
24.2323704
26.5845006
24.0081912
27.908559
22.5011115
22.2567912
22.2672996
22.4914788
22.5011115
26.53371
23.5396917
25.4749887
27.9181917
32.7958407
32.8063491
32.8063491
32.8063491
32.7756996
32.7756996
32.7756996
32.7756996
31.6863288
32.8466313
33.3659214
33.5191689
45.3104694
32.6942595
21.0211785
19.9458189
19.3065579
19.3774896
20.0876823
21.8320767
29.5399881
29.581146
29.6415693
29.5504965
29.5102143
29.0023083
27.8262432
27.8262432
27.8262432
27.5827986
27.8157348
26.9137638
29.2965435
29.0942568
29.0233251
29.0837484
31.2546087
29.3674752
25.0248789
22.4433153
21.6429255
21.5413443
21.6429255
22.4433153
25.9259742
26.8375779
26.1799272
27.0197235
26.8480863
26.8480863
26.8480863
26.8375779
26.6755734
25.9259742
25.9259742
25.885692
26.6755734
26.6659407
27.0398646
27.050373
38.1787686
27.2123775
24.8576202
19.7838144
19.2881682
19.1261637
19.1366721
19.116531
24.9889752
24.8479875
24.8576202
24.1807041
23.5939851
22.4214228
20.49138
22.4117901
22.4117901
19.9449432
20.0868066
19.9353105
22.4117901
22.4117901
22.4214228
22.4117901
26.3638242
24.8068296
12.8920554
11.7755379
10.2535713
7.8480234
7.7368095
5.7980097
14.6583423
14.7091329
13.2169401
14.9114196
14.921928
14.9114196
14.7187656
14.7091329
13.9175001
14.3133165
13.7852694
14.3535987
14.921928
14.7091329
13.8667095
11.7659052
14.6583423
11.7659052
6.7761666
6.6649527
5.8093938
5.648265
5.5370511
4.6613511
4.6613511
4.6709838
5.3058663
5.8995909
6.7857993
6.9066459
6.7857993
6.523965
6.2927802
6.2621307
6.65532
6.6649527
6.7857993
6.7857993
6.7560255
6.6754611
6.7761666
6.6246705
6.7236246
6.6833424
5.7472191
5.6167398
5.5466838
4.6709838
4.6814922
4.6508427
4.6508427
4.9634676
5.6272482
5.6876715
5.7078126
5.7472191
5.8076424
5.7875013
5.8076424
5.9083479
5.9083479
5.8680657
5.8987152
5.7875013
6.7735395
5.4958932
4.4503074
3.423987
2.9712501
2.8311381
3.0220407
2.5990776
1.9659465
2.8311381
4.6210689
4.3496019
3.8364417
3.3635637
3.2628582
2.8311381
2.8311381
3.6148896
3.8872323
3.9170061
3.0623229
2.8206297
2.8311381
2.8311381
2.8206297
2.1165669
2.1752388
2.6078346
2.8600362
3.9870621
4.5606456
4.6315773
5.7279537
6.0502113
6.664077
6.6842181
6.664077
6.5432304
6.2919045
6.1806906
6.2008317
6.3523278
6.7148676
6.6947265
6.6947265
6.6842181
6.7043592
6.4022427
4.8723948
4.4800812
5.2375617
4.8636378
4.64121
4.64121
5.3890578
6.6614499
7.4390715
8.3480481
8.7018309
8.7018309
9.580158
9.3375891
8.9338914
9.0249642
9.0345969
9.1256697
9.2263752
8.9435241
8.8331859
8.8025364
8.7517458
8.7316047
8.7018309
7.671132
8.2832463
8.0923437
7.951356
7.8305094
7.8506505
7.8506505
8.695701
9.3901311
9.4207806
9.6721065
9.4207806
9.4304133
9.6318243
9.5819094
9.5512599
9.6020505
9.6721065
9.4908366
9.4207806
9.5915421
9.6826149
9.7123887
9.6020505
9.0888903
8.2236987
8.012655
7.8611589
7.7911029
7.7911029
7.8611589
8.5354479
8.8375644
9.4216563
9.3410919
9.3008097
9.501345
9.5416272
9.1396809
8.8778466
8.6466618
8.6361534
8.6562945
8.555589
8.555589
8.555589
8.4548835
8.4452508
8.1737838
7.6518666
7.4224332
7.0222383
6.821703
6.7420143
5.6114856
5.5817118
6.1220187
6.6719583
7.6921488
8.0520615
8.2324557
8.1221175
8.0117793
7.9320906
7.9224579
8.0319204
8.0818353
8.0021466
7.9820055
7.7420637
6.5721285
5.5116558
5.3811765
5.7034341
5.3128719
5.1324777
5.0921955
5.1823926
5.0624217
6.8856291
6.0239403
6.3041643
6.8357142
7.557291
7.627347
8.1685296
6.3549549
8.2981332
8.3690649
8.6396562
8.459262
8.529318
8.599374
8.7298533
8.6790627
8.7692598
8.1580212
7.7876001
7.7473179
7.6369797
7.6072059
7.6072059
7.7271768
7.9881354
8.3384154
9.1501893
9.1002744
8.9295129
8.7797682
8.6790627
8.6195151
8.6790627
8.6790627
8.6895711
8.6895711
8.529318
8.4785274
7.6676292
7.7376852
7.7175441
7.3768968
4.7410398
4.6315773
4.5807867
4.571154
4.6814922
5.5528137
7.6054545
8.0257905
8.1755352
8.1755352
8.1755352
8.1755352
8.1755352
8.1860436
8.1860436
8.1860436
8.3060145
8.2762407
8.2657323
8.3857032
8.3962116
8.2762407
8.1860436
7.9058196
7.3278576
7.1676045
7.0677747
7.0169841
7.0274925
7.1877456
7.0677747
7.4583369
7.548534
7.5783078
7.548534
7.4679696
7.6290984
7.61859
7.4583369
7.478478
8.5512105
8.4706461
8.3209014
8.5012956
8.6011254
8.5809843
8.3209014
8.100225
7.1448363
7.0739046
6.9933402
6.9837075
7.0537635
7.084413
7.697403
7.7376852
8.6221422
8.5520862
7.7473179
7.697403
7.6868946
7.6072059
7.5765564
7.6168386
7.5266415
7.2148923
7.1343279
7.1448363
6.8628609
6.7726638
6.6421845
6.3304353
6.9574365
6.8059404
6.6754611
6.5948967
6.5948967
6.4941912
6.6850938
7.0178598
7.3497501
7.329609
7.2490446
7.2087624
7.259553
7.1886213
6.926787
6.4136268
6.4337679
6.5642472
6.5038239
6.4232595
6.3829773
6.2927802
6.1614252
5.8698171
1.6191693
1.5596217
0.9483831
0.6988086
0.6786675
0.7189497
0.7285824
0.7084413
1.5692544
2.1297024
2.3398704
2.3897853
2.3897853
2.4397002
2.4099264
3.0404304
3.4204842
4.1306769
4.1306769
3.5308224
2.6402355
2.1498435
2.1297024
1.6296777
1.6515702
1.5806385
1.5403563
1.5097068
1.4589162
1.3477023
1.5202152
1.3687191
1.5902712
4.6009278
4.8934116
4.90392
4.9135527
4.90392
4.90392
4.9135527
4.8934116
4.9135527
4.9748517
5.5904688
5.6009772
5.4188316
4.8934116
2.206764
4.90392
4.8434967
4.6517184
4.4292906
4.3382178
4.8636378
6.812946
7.5100032
7.7928543
7.8033627
7.3585071
7.3182249
7.1264466
7.2875754
7.1465877
6.9644421
7.3182249
7.0555149
6.7323816
6.6010266
6.6920994
5.9950422
4.90392
4.5702783
-0.429093
-0.429093
-0.4396014
-0.4396014
-0.4396014
-0.4492341
0.6033573
2.040381
2.5561683
4.64121
4.64121
4.5501372
0.5928489
-0.5105331
-0.4693752
1.9291671
3.3154002
2.2628088
2.1113127
2.1113127
2.1113127
2.1008043
1.9387998
0.6033573
-0.4334715
-0.4431042
-0.4431042
-0.4536126
-0.4431042
-0.4536126
-0.4431042
-0.3826809
-0.3423987
0.9764055
-0.3423987
-0.3529071
-0.3529071
-0.4334715
-0.3625398
-0.3529071
1.6104123
1.1778165
1.6909767
1.1778165
-0.3423987
-0.3730482
-0.402822
-0.4334715
0.8520561
-0.0718074
-0.1830213
-0.3336417
-0.3336417
-0.0823158
2.8626633
6.2997858
6.3794745
5.7463434
5.7367107
6.0887421
5.6263725
5.525667
5.3645382
5.0632974
5.1035796
5.0632974
5.1035796
5.1333534
5.1534945
5.0536647
4.5203634
0.0280224
0.7995141
0.1042083
-0.1882755
-0.1979082
-0.1979082
-0.1882755
2.1305781
4.6307016
5.0037498
5.0247666
5.0247666
5.0142582
5.0037498
4.9030443
4.8531294
4.64121
4.9030443
5.6894229
5.6999313
5.6491407
5.2261776
4.7016333
4.64121
4.4196579
4.6315773
4.6315773
4.6315773
4.64121
4.6508427
4.7716893
4.8715191
5.5230399
6.2043345
6.7857993
7.2367848
7.3374903
7.2367848
7.0966728
6.9364197
6.8357142
6.9259113
7.1868699
7.3173492
7.2674343
7.1570961
6.7761666
6.5458575
5.8943367
6.4145025
6.1640523
5.6929257
5.4827577
5.4827577
5.4722493
5.5423053
6.3243054
6.8549796
7.3952865
5.7025584
5.4923904
4.6114362
1.9370484
2.066652
4.5606456
7.2551745
7.5257658
7.8059898
7.9566102
8.0870895
7.7963571
7.0450065
6.1132617
4.8820275
4.6315773
3.8101707
3.1586499
2.968623
4.0203387
4.6508427
5.6631519
5.9530086
5.6727846
5.6631519
5.5624464
4.7515482
4.6508427
4.6508427
4.64121
4.64121
4.64121
4.6508427
4.6508427
4.6210689
3.8802267
2.968623
2.1375837
0.148869
-0.0306495
-0.1208466
-0.1208466
-0.1208466
-0.1611288
1.4492835
4.6009278
5.4013176
5.7813714
5.4319671
5.2217991
5.0510376
4.7515482
4.7515482
4.6508427
5.2515729
5.5212885
5.6517678
5.5720791
5.6517678
4.64121
3.7007082
1.7899308
-0.3704211
-0.1803942
-0.3205062
-0.3704211
-0.3704211
-0.3809295
-0.1199709
2.6463654
3.739239
3.7488717
4.4704485
3.7891539
3.3880833
3.2777451
3.3180273
3.3985917
3.6586746
3.6989568
3.6893241
3.7190979
3.7190979
3.0877182
2.3354919
0.8424234
3.2164461
3.5150598
3.4055973
3.3661908
3.3758235
3.2365872
3.6052569
4.6508427
6.4442763
6.375096
6.8532282
5.9065965
5.9862852
5.8269078
5.438097
4.64121
4.3723701
3.9739266
8.4172284
8.5266909
7.3707669
6.3146727
4.7007576
3.993192
4.0466097
4.0466097
4.0763835
4.2848001
4.64121
4.7208987
5.3549055
6.5441061
9.5959206
9.2001042
8.5258152
7.0099785
6.445152
6.1176402
5.5528137
5.4337185
5.4634923
5.4740007
5.4740007
5.5037745
5.3549055
4.9485807
4.7007576
4.6709838
3.6376578
3.5982513
3.5886186
3.5693532
3.5597205
3.4318683
3.5693532
3.6087597
3.6087597
3.6875727
3.8049165
3.7856511
3.7261035
3.5597205
2.9397249
3.3232815
3.5982513
3.8539557
4.2182469
4.2576534
3.8346903
3.6183924
3.5395794
2.9887641
2.6717607
2.6419869
2.5824393
2.5728066
2.5929477
2.5929477
2.662128
2.8696689
3.5824887
4.1762133
4.5221148
4.5720297
4.4231607
2.7707148
3.9187575
4.4827083
4.6508427
5.1456132
5.5817118
6.0659739
6.007302
5.4424755
4.5028494
3.8697183
4.7007576
4.64121
4.334715
4.2357609
4.334715
4.6508427
4.790079
6.5607444
7.6991544
7.7087871
7.5511611
7.53102
7.7683347
7.3628856
7.4714724
7.4811051
11.3709645
10.7965053
10.9751481
10.6975512
10.6879185
8.5599675
7.075656
6.1158888
4.0974003
3.6919512
3.651669
3.6420363
3.651669
3.9388986
6.3628362
8.4995442
15.2065305
8.0047737
6.1745607
6.6491901
6.6299247
5.6999313
4.7103903
4.5518886
4.64121
8.4399966
8.3611836
8.3209014
8.0643213
7.0546392
6.1351542
5.3636625
4.7410398
4.6508427
4.4012682
4.2611562
4.4117766
4.5615213
6.2095887
9.387504
9.5967963
8.7473673
7.3987893
6.5598687
6.1202673
5.8803255
5.9696469
6.059844
6.2997858
6.0799851
6.4092483
6.5397276
6.2297298
4.7708136
4.64121
4.3215795
4.64121
4.6105605
4.5807867
4.5904194
4.6307016
4.7524239
6.2647578
9.6519654
11.6783352
12.5146287
12.0207339
11.5872624
9.7220214
8.2105632
8.2000548
7.3226034
7.5345228
8.038926
9.0573651
9.8735175
9.6922476
8.6939496
7.6457367
6.3952371
7.5038733
7.0975485
6.5905182
6.4486548
6.3978642
6.3672147
7.9504803
9.7167672
11.5040709
12.2650542
11.3613318
9.7167672
9.5241132
5.7778686
6.0826122
6.4381464
7.3515015
7.5143817
7.5143817
6.6509415
5.7988854
4.6920006
4.5501372
3.4231113
2.399418
1.9020204
2.0543922
2.4904908
2.5815636
3.4134786
4.0220901
4.6613511
5.2393131
7.0353738
7.3392417
7.2280278
6.7209975
4.8645135
5.6552706
6.4775529
6.629049
6.9845832
7.3602585
7.5117546
7.4311902
6.9136515
6.7507713
6.4871856
7.1859942
7.2262764
7.145712
7.1054298
7.1658531
6.5300949
6.681591
6.6614499
6.7717881
7.1763615
7.3077165
7.2464175
7.1859942
7.1965026
7.2875754
7.277067
8.003898
9.650214
12.4279344
16.1137557
13.8824721
11.9427966
10.7509689
9.6808635
11.6503128
10.2062835
10.1554929
10.2159162
10.3577796
12.286071
58.4503479
69.0550749
95.5957905
105.6750975
69.1154982
67.95432
67.9035294
67.3684767
65.1669669
61.5608343
61.5608343
62.884017
65.2273902
65.1967407
65.1468258
59.3094096
57.2488875
18.3362823
33.0252741
30.2913387
29.5075872
29.3061762
29.6485749
55.037745
67.6014129
70.6873797
79.9741782
70.8984234
70.3046988
69.3598185
61.9627806
56.535192
51.6908196
45.9006912
52.4842038
47.5899165
31.1556546
24.2709012
19.7076285
10.0083753
7.5362742
5.3846793
7.557291
7.627347
7.1754858
5.2147935
4.64121
4.9625919
10.4935131
14.6670993
20.368782
18.2268198
13.117986
6.3707175
4.64121
4.5807867
4.6009278
5.184144
12.3640083
19.2724056
20.6997966
20.7400788
18.5587101
14.6670993
10.7553474
9.6694794
11.4112467
10.4952645
9.6808635
9.6703551
10.6765344
11.6625726
20.6954181
28.3096296
33.2792271
32.1320601
30.5829468
28.9532691
30.3316209
30.82464
34.7276349
33.329142
42.9452037
43.478505
42.0800121
44.7158691
45.2290293
45.4698468
41.2156962
38.0570463
48.0592917
38.5071561
36.5385825
35.0639037
34.8519843
39.2339871
50.8965597
52.6129317
56.2882446
53.6734044
51.1899192
39.213846
30.8535381
18.9991872
9.8813988
12.9008124
24.7849371
32.5401363
31.9945752
31.0759659
20.2312971
9.9015399
4.8531294
3.7926567
4.5501372
2.6945289
3.0982266
2.9064483
2.3924124
2.4729768
3.642912
4.64121
13.4962884
19.6796061
9.693999
4.5904194
3.7234764
3.5824887
3.2794965
4.5702783
5.2261776
14.6968731
17.7828399
19.7601705
14.7073815
14.343966
13.7992806
12.6897687
18.9799218
11.6897193
10.298232
13.494537
10.2378087
9.6826149
10.3884291
23.7183345
27.2176317
24.7875642
20.219913
4.7419155
4.5405045
3.6026298
4.5606456
12.3447429
24.7770558
36.6147684
39.4888158
41.6771901
41.0317992
41.5966257
42.4530603
41.7069639
44.5302207
42.926814
43.4820078
44.3086686
48.2913522
52.5166047
59.7262428
62.4890763
70.7066451
68.4779886
64.2536118
62.7710517
62.3577213
62.9225478
62.5293585
62.3069307
61.9338825
62.1860841
62.3472129
61.6413987
61.2683505
61.2280683
56.1866634
52.0025688
57.0816288
55.0631403
54.7697808
53.7811155
53.8012566
55.1034225
59.7971745
68.4280737
69.3055251
68.9929002
67.9333032
64.854342
60.7963482
60.3120861
59.1001173
54.9519264
55.0219824
58.5860814
61.6746753
59.3934768
57.0413466
54.3862242
55.0429992
54.7294986
53.8573014
52.2162396
52.1759574
52.1855901
47.3762457
52.2468891
52.3274535
73.5535458
76.3689213
74.7383679
74.7383679
71.2846071
67.639068
67.0619817
64.8447093
55.466838
59.2034499
63.5276565
63.7308189
56.8040319
52.5805308
44.13528
40.1053086
35.264439
27.8761581
17.2924479
13.3693119
12.6398538
17.1409518
24.834852
33.8169069
37.6183206
41.0957253
41.2270803
40.5484128
40.1429637
37.3652433
38.5912233
35.9255925
35.1444681
34.8204591
35.6313573
35.6514984
35.763588
35.0332542
35.7329385
34.8309675
33.898347
37.8118503
36.8590887
36.3573126
34.3913661
27.5197482
35.6094648
38.4563655
40.3207308
40.9144554
41.1298776
41.1806682
40.5046278
41.3032662
40.6482426
40.4643456
40.3303635
40.3925382
40.3303635
42.6965049
41.4267399
40.3925382
40.3925382
40.3925382
39.695481
46.9068705
42.5161107
44.0205633
40.4275662
41.4924174
41.6868228
45.8017371
55.7514405
56.7444843
56.754117
47.3674887
40.755078
31.3684497
35.7600852
40.4170578
44.6037795
53.8371603
62.9067852
64.6257843
63.6336162
55.7304237
54.512325
53.0998209
44.5529889
48.9568842
36.9151335
24.4110132
21.2418549
24.1334163
41.1246234
46.3840776
53.0525331
56.7987777
57.4879536
56.0780766
54.6480585
50.9429718
40.7752191
47.4235335
52.445673
57.4056378
61.6974435
64.8674775
63.7973721
60.5966886
59.6807064
58.32162
57.0457251
61.9137414
62.2841625
62.2324962
62.2123551
62.4382857
63.2202858
66.3386535
173.3299281
202.4854839
155.8754757
132.3594279
113.3716248
106.5070125
107.474661
89.5359465
106.6409946
107.5666095
141.7968468
138.7607949
85.0593681
73.2654405
69.5191959
65.5260039
65.0014596
68.3650233
67.218732
66.7222101
65.8850409
65.1310632
65.843883
67.6005372
71.6926833
75.1648338
73.6454943
71.6821749
70.607691
67.9516929
66.9604005
67.507713
66.8982258
65.3377284
66.6705438
66.9087342
65.5233768
64.6450497
63.8499141
65.0583801
63.9427383
60.2683011
59.8654791
59.389974
59.4311319
59.8243212
60.0826527
63.8157618
67.7248866
71.3240136
71.8923429
71.7688692
71.2408221
68.6758968
67.6522035
64.705473
68.2625664
71.8301682
71.9028513
71.965026
71.220681
68.7380715
70.3519866
68.593581
68.1487254
67.9867209
65.6013141
65.8920465
66.6696681
66.8561922
69.0235497
72.0210708
72.9852165
74.5413354
75.599181
75.6298305
79.3638153
79.3322901
77.2060905
75.0080835
78.0572709
78.6483684
86.9342418
83.5014978
75.6718641
73.6384887
73.182249
72.4773105
72.0832455
74.5098102
74.0115369
73.9598706
73.9598706
73.970379
74.3337945
78.5993292
114.7998915
159.9054471
158.2135947
117.2080665
117.2702412
127.7313534
115.0696071
106.7872365
87.5664972
96.668523
131.1045498
145.1884329
129.174507
81.2772198
75.8382471
74.6350353
74.416986
76.7927601
73.4589702
69.4325016
63.4593519
65.4366825
67.0208238
71.3161323
76.5335529
91.2637026
94.5659673
89.7215949
76.8444264
75.2191272
73.2417966
78.2937099
83.2519233
92.6823366
128.5921665
148.457421
97.754391
75.8505069
68.7284388
65.23965
57.0728718
55.8127395
45.6222186
30.8053746
27.7176564
26.4785409
27.3052017
28.2133026
30.4647273
38.3223834
43.1746371
45.9418491
48.1416075
48.3684138
47.8211013
47.7387855
48.6162369
61.4399877
67.2739011
72.6121683
74.9038752
72.1883295
67.3973748
62.2044738
58.4048115
47.0154573
23.8050288
17.6304681
16.8764904
16.577001
25.5292821
55.0070955
65.8797867
84.2896278
89.2662309
84.4034688
81.0784359
79.3130247
77.981085
79.828812
88.419429
96.2770851
103.0401162
116.2255311
108.6778728
93.9853782
85.5077265
84.3412941
86.4990189
86.8396662
86.1137109
81.9094752
76.5904734
71.570961
69.5051847
75.8470041
87.1873191
112.1211252
112.7507535
105.2214849
97.7228658
106.677774
106.2232857
102.4945551
109.7041932
122.2529742
139.7188107
166.4189037
176.6540853
102.3194151
97.81569
96.3287514
91.195398
87.2600022
77.0195664
72.8197092
67.8396033
65.957724
65.9165661
70.7092722
77.3934903
85.1802147
83.3815269
76.6141173
70.5323808
64.7203599
62.2876653
64.5443442
71.1042129
75.231387
78.3296136
81.3647898
78.5476629
72.1848267
63.8166375
59.3873469
56.6218863
55.0526319
52.7136372
50.2073838
47.0592423
32.7468015
20.8276488
50.2178922
62.1580617
75.2480253
83.2326579
76.2629616
68.8580424
68.506011
67.9884723
67.9569471
71.0122644
70.3082016
71.4781368
69.9868197
68.7442014
67.3465842
66.010266
65.7309177
64.9226466
61.8787134
51.1154847
27.6230808
15.3781677
10.779867
15.097068
42.0537411
60.3751365
68.4175653
70.1856036
69.6864546
69.53058
68.3860401
66.8150343
65.8368774
66.7003176
66.1696434
67.7301408
67.3973748
67.9595742
66.877209
64.661688
59.9171454
52.0104501
42.9487065
52.2328779
39.1166433
36.8993709
28.3122567
25.2832104
21.2024484
21.9932055
32.7047679
41.0116581
46.9445256
47.9331909
48.942873
47.839491
48.5995986
49.380723
50.5462797
52.0761276
57.0203298
55.1366991
53.7522174
49.5365976
47.454183
42.3435978
40.9696245
46.3306599
45.6660036
42.5012238
40.8820545
39.3145515
40.8715461
42.480207
52.121664
56.6253891
54.591138
55.484352
56.438865
52.3397133
52.9824771
53.9483742
62.997858
70.117299
76.4687511
75.1508226
67.6679661
59.915394
59.7393783
58.1928921
53.6882913
55.1314449
49.7029806
49.485807
49.8176973
50.4919863
59.6045205
67.0865013
76.7699919
90.8845245
80.2360125
68.9237199
65.0627586
66.8167857
74.154276
85.3833771
98.5539051
117.6809445
143.3774853
156.4332966
103.7319192
86.0786829
82.4156298
81.9068481
80.2360125
84.0724542
81.2938581
76.0781889
73.4344506
76.2542046
87.3484479
93.4345629
138.0593592
141.0560046
117.9348975
104.5489473
93.9941352
91.2575727
93.7147869
102.5900064
107.2968939
118.2974373
142.4037069
154.7107947
106.4781144
92.5536087
88.4789766
85.6276974
79.3130247
78.3716472
79.907625
74.8837341
71.3021211
72.8372232
79.907625
83.1240711
94.3820703
111.0291273
99.3945771
91.0395234
86.9876595
83.7090387
84.0952224
88.7837202
88.6900203
91.081557
93.4004106
86.633001
80.4917169
75.6359604
71.4378546
70.1742195
70.7171535
72.0806184
73.8898146
75.6263277
78.6693852
81.7860015
87.6855924
92.412621
99.1695222
127.5027957
115.8095736
105.9675813
100.7273925
96.2096562
98.2071279
106.5008826
98.5941873
100.8736344
103.3737579
102.3483132
93.3224733
89.1909207
85.7713122
84.7362348
80.1650808
73.8714249
69.1023627
62.6396967
56.9406411
64.8254439
73.7041662
81.5583195
87.1741836
90.0184572
88.480728
87.3204255
86.2328061
85.3439706
86.2949808
91.3985604
96.6799071
96.5441736
96.5441736
97.0669665
95.8742631
93.6578664
92.4546546
92.3189211
91.1577429
90.1839645
88.664625
88.2994581
88.1646003
87.9150258
89.9448984
91.6209882
92.797929
97.3682073
100.2834126
96.7333248
95.6605923
93.3706368
93.2243949
96.9627582
108.2172546
121.28445
133.6221873
141.4623294
103.709151
102.0952359
98.3052063
95.7026259
92.2042044
93.0562605
90.7023789
90.6822378
88.7653305
89.5464549
92.1507867
91.8486702
92.0562111
93.0772773
95.2122339
94.0773267
92.1087531
93.5457768
94.6710513
99.076698
105.6488265
118.1468169
139.9359843
129.0930669
110.4187644
103.6802529
102.5138205
97.6913406
93.3793938
94.0773267
92.1709278
89.1401301
87.6820896
84.2659839
87.8694894
91.5666948
104.0033862
128.8224756
131.96799
124.8441705
106.3879173
98.4514482
98.1808569
92.0465784
88.0989228
86.5778319
88.2653058
87.9631893
81.0477864
77.5791387
71.63226
66.9350052
61.1028432
61.1010918
60.6746259
60.4451925
60.7262922
61.2473337
61.517925
67.2161049
79.4566395
88.1751087
84.3421698
80.2894302
80.4978468
82.8315873
82.8622368
87.7381344
94.2279471
96.9566283
103.8116079
101.8220175
96.6755286
95.3628543
95.2279965
94.5922383
90.9458235
89.4886587
84.59262
80.9103015
78.5975778
82.5312222
89.0490573
107.8914942
129.77874
134.9987877
128.1254184
119.2116681
106.0604055
103.7485575
107.1278838
112.3689483
127.5185583
129.8093895
134.50752
136.8614016
127.3828248
116.2614348
103.7170323
100.5364899
92.7427599
92.6368002
90.3608559
82.3298112
81.5373027
88.1470863
94.2533424
104.4675072
131.2595487
138.4875765
137.0461743
128.3040612
124.7215725
130.9092687
140.1864345
151.1318088
163.1070063
162.8495505
192.4429563
146.8697769
130.3330581
125.7408873
119.2020354
114.4758825
102.8921229
104.742477
101.4542235
100.1862099
97.3095354
100.2378762
107.7321168
123.2889273
136.1135538
146.7112752
139.525281
136.5049917
133.6904919
127.834686
116.7632109
128.938068
134.4943845
142.432605
151.1125434
154.3911642
145.7830332
132.6186351
118.5365034
104.1242328
100.1862099
100.1065212
98.2430316
95.4381645
90.6454584
87.3843516
87.4150011
91.0071225
96.9180975
104.961402
102.4980579
101.0172492
100.5312357
99.8271729
100.3140621
102.0111687
102.5497242
101.1214575
110.2515057
112.3120278
96.1623684
90.6655995
85.3658631
80.9969958
69.1645374
58.7261934
52.4062665
48.1687542
43.2823482
40.7971116
43.4058219
47.7151416
53.6024727
56.6849367
61.2622206
66.448116
68.83002
69.6339126
70.520121
72.9230418
77.7061152
88.1295723
102.6040176
111.0273759
109.3985739
96.0371433
91.6349994
94.2848676
87.1706808
77.2428699
71.3966967
68.3764074
68.7984948
73.2628134
87.5621187
107.2951425
132.8734638
131.451327
123.2136171
117.1616544
110.5326054
107.7487551
118.7081406
125.1208917
133.5337416
144.7304418
151.7920866
145.0395639
134.5749489
124.6672791
111.4398306
112.5843705
102.2020713
107.3739555
102.4209963
100.35522
96.0809283
100.2834126
105.329196
124.2889767
140.4228735
146.6298351
141.2451558
139.3440111
139.2520626
144.122706
144.122706
142.7049477
144.6778998
148.2437502
151.2955647
146.4144129
136.7028999
129.1604958
114.9277437
114.9689016
102.1749246
101.940237
98.7710787
98.7710787
95.7954501
95.3654814
98.6379723
101.8990791
102.7485081
102.9937041
99.0364158
91.4703678
84.2309559
84.4253613
81.2658357
80.1817191
79.4251143
79.8139251
79.8857325
79.8752241
79.3541826
79.6396608
79.2517257
77.9224131
74.2926366
65.7466803
57.3513444
48.084687
36.4842891
25.9890246
54.7198659
68.9307255
76.6614051
79.3340415
79.1799183
78.3199809
77.8795038
74.8802313
75.371499
74.0605761
77.1430401
77.6544489
80.573157
75.7603098
72.2794023
68.593581
66.5558271
65.2965705
64.4261247
65.1879837
56.325024
55.7917227
52.7180157
44.0083035
59.8698576
72.3809835
83.2939569
89.2058076
87.5559888
86.5927188
83.4988707
80.424288
80.0354772
80.8962903
80.0451099
83.6521182
85.3536033
86.5419282
86.5620693
85.5585171
83.5085034
81.8280351
79.277121
84.9402729
82.2352356
80.9803575
80.4969711
78.9329709
83.0785347
86.43159
91.6980498
98.157213
96.2648253
95.4311589
94.1867892
91.8828225
91.5947172
95.1334209
100.4200218
119.1705102
128.5816581
131.8418892
131.4206775
125.619165
119.3246334
119.5610724
107.3003967
115.2062163
109.5982335
106.1891334
104.1758991
101.4445908
102.1635405
103.980618
109.5982335
116.7772221
121.8405195
120.1968306
119.6013546
118.2764205
114.918111
119.6626536
127.3040118
138.4157691
149.0756652
153.8920152
148.2954165
139.8948264
126.7076601
123.29856
106.7951178
103.4157915
98.271054
94.7481129
93.6596178
92.7558954
101.2694508
123.0516126
142.8827148
148.9320504
144.2488068
142.2565893
141.1987437
137.9639079
136.6696233
133.6195602
125.260128
120.7721655
129.4599852
122.7232251
109.5982335
104.7617424
98.6405994
95.6929932
90.0342198
87.4044927
80.1668322
75.9993759
75.108789
79.0196652
87.1794378
96.1071993
120.1451643
134.6940441
146.0063367
147.2559606
146.4363054
143.4676824
141.5534022
147.8286684
153.7562817
167.6799117
199.1411856
185.8524381
163.8925092
146.7944667
129.0930669
120.9648195
112.7743974
105.4132632
102.0759705
97.868232
93.5580366
93.3942807
100.7956971
109.9283724
140.3860941
157.5244188
150.5827449
144.910836
138.1136526
139.0042395
144.0106164
158.1593013
176.6383227
209.4000111
260.5899303
260.5899303
209.4000111
169.4724696
146.9590983
132.6667986
117.9953208
108.9493398
108.254034
105.9526944
103.9779909
105.5945331
110.2383702
127.3539267
176.6032947
223.3043757
240.1948773
225.66789
233.1253512
204.3472221
198.8233065
204.1326756
198.3530556
235.8470268
270.4870917
251.632395
197.8407711
157.809897
136.2133836
128.2847958
117.4515111
110.9196648
106.8634224
103.4543223
100.2405033
100.425276
106.6269834
123.8887818
155.9980737
208.2537198
226.6241544
219.3751098
217.5370155
207.0216099
179.3179647
178.4448918
188.4979278
204.1055289
234.6543234
209.1478095
172.355274
146.8487601
129.1464846
122.6873214
112.4600211
109.3968225
106.8739308
105.3975006
103.1416974
102.167919
102.7835361
103.6338408
108.8425044
124.2014067
132.3121401
138.9762171
135.0802278
129.297105
122.1207435
126.1603476
131.2656786
137.7152091
152.3262636
153.2693925
137.4796458
127.2470913
119.5575696
114.0406596
110.1858282
111.9626235
106.4001771
104.0217759
103.8790368
101.2151574
98.2552914
95.3365833
98.673876
103.6644903
106.8590439
111.7690938
111.8811834
110.4625494
109.217304
112.5038061
124.9045938
132.4268568
139.0813011
139.5918342
133.3148166
119.2904811
108.6962625
105.7775544
97.6431771
102.7975473
99.0407943
96.9688881
94.5808542
95.0502294
101.5925841
113.6667357
126.6901461
245.1163113
246.0147795
215.2321731
174.1609674
137.5505775
142.7863878
138.1119012
208.1591442
272.7963126
215.2523142
149.2473024
131.7937257
126.6805134
115.3410741
109.4519916
101.388546
100.4366601
97.4330091
95.0318397
94.0817052
95.1237882
101.0093679
117.7755201
195.8958414
343.8497349
260.1512046
259.9567992
211.9973373
196.5701304
197.4685986
208.1565171
236.509056
235.2725676
180.9888003
159.2162712
150.9400305
136.0645146
125.0298189
118.613565
110.1639357
104.943888
102.4078608
101.1810051
100.7072514
100.3158135
102.9026313
111.6745182
146.0089638
181.9196694
181.4354073
163.8714924
159.1304526
158.9342958
153.5846445
153.0276993
156.7082664
173.6845866
183.2086998
169.7264226
154.6976592
134.6598918
120.4253883
111.8391498
105.3869922
103.8510144
102.5908821
101.5995897
97.6116519
97.1773047
101.1240846
117.5916231
136.2703041
155.1144924
146.9013021
143.4510441
147.3873156
147.2007915
147.572964
142.8722064
142.8100317
138.6574623
133.6361985
125.1235188
108.893295
105.7836843
101.9507454
101.3613993
94.6053738
94.4030871
90.4554315
88.5700494
86.755599
87.0953706
94.3514208
104.4114624
112.0177926
120.7476459
126.7978572
127.0342962
125.4886857
124.8809499
119.8509291
117.6038829
122.8291848
119.4691239
122.4894132
123.0875163
110.1210264
109.0701864
105.6278097
104.2153056
97.3927269
98.743932
89.2889991
85.7476683
81.8875827
78.6544983
81.8262837
85.0287186
86.7739887
89.2889991
95.8182183
97.6247874
97.6860864
98.3428614
95.6842362
92.5431003
90.3564774
88.1085555
87.5542374
84.7625058
81.6310026
78.2227782
76.8680703
75.2970645
70.9658523
67.6924857
58.1315931
52.9912341
44.8314615
37.9904931
47.8193499
55.4326857
58.7191878
69.3405531
74.9765583
76.3978194
78.5721825
76.0886973
75.975732
78.7157973
85.2791688
89.3791962
89.8433172
92.6455572
89.111232
87.6172878
86.659272
87.1023762
78.1702362
70.7005152
53.8152678
53.6086026
51.5690973
52.7022531
57.2664015
81.4873878
96.2613225
103.1644656
104.4823941
100.8254709
98.0643888
96.6527604
96.756093
100.3517172
103.4630793
113.3427267
126.2006298
130.9907088
126.0359982
118.7107677
106.4404593
103.3290972
94.7673783
95.3654814
94.3452909
92.8609794
91.624491
92.614032
96.3751635
109.0377855
125.2767663
145.059705
136.3736367
134.5504293
127.3477968
128.9967399
131.8094883
128.3986368
124.5963474
122.1548958
115.5705075
109.6971876
98.8989309
96.6431277
95.8085856
92.6551899
86.4526068
84.2756166
82.1432871
82.4112513
80.0013249
79.8366933
82.3394439
87.7355073
106.8275187
103.4087859
108.1463229
111.0089862
110.6998641
103.4087859
113.5625274
114.7674906
117.3008907
116.5390317
121.7082888
116.5075065
110.1026367
104.0988375
98.2290204
99.7431057
91.4011875
84.8675898
83.7887274
84.452508
84.3071418
84.9814308
89.1410058
101.878938
125.1769365
136.2457845
130.5090738
131.7017772
132.510924
124.8143967
129.0361464
129.4091946
136.0583847
133.8910272
133.2272466
131.7122856
119.5032762
107.9886969
101.9831463
99.7833879
90.8319825
88.9483518
85.8072159
83.0487609
80.0591211
79.0687044
83.4428259
98.4838491
109.1919087
123.8187258
119.8290366
112.5046818
105.2118522
96.7771098
91.0692972
89.7058323
90.6655995
98.5749219
95.5248588
90.4133979
85.0488597
82.4331438
81.1099611
77.6246751
74.8163052
69.346683
66.7073232
63.4365837
61.0380414
57.244509
59.0607108
61.9111143
64.5802479
67.0488462
67.2196077
68.6242305
67.07862
67.1994666
66.868452
65.6240823
66.7073232
67.0891284
67.9219191
67.3194375
66.7581138
66.2256882
66.2055471
65.3324742
59.5423458
51.3387882
48.723948
48.8833254
34.1829495
31.7476278
35.4106809
42.7157703
48.2545728
49.8719907
54.3923541
56.1393756
53.0753013
49.6320489
45.9190809
52.0577379
59.3234208
63.6747741
63.7842366
63.6248592
63.5048883
62.4671838
61.6484043
61.7885163
54.5228334
57.4362873
57.226995
55.8398862
55.1410776
58.6841598
65.0417418
68.7844836
73.0456398
74.4134832
73.8539109
76.0002516
73.6743924
74.3530599
75.870648
73.7348157
73.4248179
72.8862624
72.4668021
67.8457332
66.4192179
64.2536118
64.0635849
62.7360237
57.9459447
54.9221526
52.3467189
52.8441165
56.4134697
58.7892438
62.5880304
66.8526894
71.2276866
75.2348898
76.8855843
78.9828858
80.9024202
78.2674389
76.6368855
76.6272528
76.8453021
78.9828858
78.9732531
75.2445225
71.5954806
69.6374154
69.3090279
67.052349
61.1860347
59.4057366
54.7347528
52.0962687
45.6826419
36.9580428
47.953332
57.6928674
63.0705411
69.0559506
70.3406025
70.6698657
68.5979595
68.2292898
66.9148641
71.1672633
72.6717159
75.5694072
82.0723554
79.2841266
72.8906409
72.7312635
70.012215
65.8097307
58.5396693
53.9299845
46.3481739
41.5213155
37.5622758
36.6541749
37.3652433
41.2840008
53.9098434
57.0982671
59.8724847
60.5537793
60.6623661
60.8891724
60.7508118
60.9679854
60.9881265
61.1457525
60.7805856
60.6623661
60.4250514
59.3593245
55.9931337
52.0840089
22.6175796
19.817091
15.1347231
9.5118534
8.6405319
10.2842208
18.2924973
44.9812062
55.8512703
60.186861
61.6921893
63.1178289
62.8700058
61.6921893
61.5039138
61.6326417
62.1370449
62.4444156
63.5530518
63.1274616
62.0380908
60.3952776
56.7120834
54.871362
44.6353047
24.0624846
9.0468567
4.9871115
5.95476
10.2124134
12.356127
18.0560583
29.7816813
42.2971857
47.839491
57.8951541
57.9152952
55.5640407
55.475595
57.9547017
59.4565272
64.0889802
70.3222128
69.9763113
65.7484317
61.8568209
58.6263636
56.7295974
49.0243131
57.7532907
49.1337756
48.2186691
44.6370561
42.138684
35.2609362
36.1164951
46.9103733
55.6577406
57.6841104
58.7472102
57.6937431
56.5132995
56.4546276
54.4273821
53.7583473
50.343993
47.9235582
48.3762951
40.0133601
34.1487972
34.1487972
33.1548777
27.8612712
42.7578039
42.1780905
35.7530796
34.1584299
31.0102884
26.4154905
25.0178733
39.8557341
53.3257515
58.864554
61.6694211
63.5775714
63.7553385
63.6563844
62.7710517
61.6002408
60.6457278
58.6683972
56.1297429
52.4789496
52.9027884
53.846793
53.7977538
53.7784884
51.2888733
49.8518496
49.2519951
48.7204452
48.4454754
44.450532
43.1422362
53.7784884
58.4126928
60.9014322
63.0863037
64.1783016
64.4830452
64.4532714
64.7685234
65.5846758
65.9297016
66.0575538
65.7519345
65.4279255
65.2212603
64.9060083
64.6108974
64.2071997
63.3709062
63.0363888
63.0468972
58.7078037
59.6623167
64.27638
66.106593
72.9247932
81.1117125
81.2395647
76.8505563
76.0142628
75.502854
74.2532301
76.7332125
81.0223911
80.8551324
83.4331932
77.7954366
68.4482148
63.5486733
61.0984647
59.6719494
48.6617733
42.1465653
33.9211152
31.8702258
29.5242255
34.0883739
37.3766274
40.4783568
42.8147244
48.4481025
59.2165854
62.5048389
62.2692756
64.7037216
65.3219658
65.6748729
65.8324989
66.754611
67.323816
67.3334487
66.4209693
65.537388
63.3192399
59.5405944
53.6602689
49.1057532
50.2608015
48.0592917
47.0031975
48.6223668
42.1360569
42.6098106
51.7818924
59.7980502
64.6844562
65.8894194
66.6784251
67.4586738
67.8439818
68.5252764
69.7784031
70.2031176
71.299494
71.0919531
70.2031176
68.0804208
67.0733658
65.5137441
64.2203352
61.8445611
63.4602276
62.7412779
63.9331056
62.9181693
62.7115041
63.8840664
64.7116029
66.5435673
67.0357107
66.7800063
66.7405998
66.7800063
66.8982258
66.6127476
66.7598652
73.5868224
83.3683914
83.4375717
74.6700633
68.7301902
65.9621025
64.740501
63.9129645
56.2295727
53.6952969
49.2458652
45.0608949
42.1045317
43.2140436
43.9408746
47.9296881
56.2978773
62.6335668
65.7081495
66.5330589
66.7686222
66.8176614
66.8080287
67.043592
67.3194375
67.2204834
66.7791306
66.4052067
66.1302369
65.7869625
65.3149602
62.8989039
56.2295727
53.6952969
49.2458652
45.0608949
42.1045317
43.2140436
43.9408746
47.9296881
56.2978773
62.6335668
65.7081495
66.5330589
66.7686222
66.8176614
66.8080287
67.043592
67.3194375
67.2204834
66.7791306
66.4052067
66.1302369
65.7869625
65.3149602
62.8989039