109.9432593
100.2781584
94.3435395
85.1022774
76.1640075
73.3267395
71.5481928
61.062561
74.5334541
86.3641611
97.7167359
107.1427707
110.5886502
112.5694836
110.6718417
111.2244084
112.3943436
112.5607266
112.2008139
111.5011296
110.9389302
110.2015908
107.1059913
106.3774089
110.5334811
109.8241641
108.893295
108.8284932
110.5606278
108.4878459
112.1640345
127.3302828
134.5083957
137.2449582
138.1758273
136.0286109
137.0058921
136.425303
140.4605286
143.133165
150.0897258
156.6408375
161.0088291
151.5363822
140.9771916
130.785795
126.897687
119.5076547
123.3379665
114.0721848
112.7743974
109.3145067
108.017595
116.2614348
125.2058346
142.5876039
150.8323194
153.7308864
155.1109896
155.9569158
151.3656207
148.0624803
150.0406866
154.3377465
153.3070476
157.0891959
155.4420042
148.1360391
137.6740512
121.9210839
111.0081105
92.3557005
85.1889717
78.1667334
64.3613229
63.7448301
66.036537
75.2217543
80.47683
96.6930426
105.8047011
115.4592936
116.8770519
116.2877058
113.9224401
112.1097411
110.8119537
114.0240213
116.932221
117.0154125
116.1405882
113.867271
110.5448652
112.1281308
106.4308266
101.1941406
95.0537322
90.9799758
90.3232008
84.5794845
93.7682046
95.0537322
103.2564141
112.8479562
114.6221244
121.5953235
127.7707599
134.2745838
132.2473383
134.0582859
140.2153326
145.6586838
157.0900716
177.4369611
177.2022735
161.6883723
148.9810896
139.4832474
132.4916586
119.1924027
103.3632495
97.7841648
93.3960321
79.6694346
79.2850023
81.3008637
94.0992192
104.0103918
113.1710895
112.579992
109.6831764
109.6919334
111.0422628
109.1761461
113.114169
120.8124477
127.160397
141.3178389
136.6389738
133.0573608
126.634977
119.9875383
118.2151215
113.7332889
107.3030238
96.1886394
93.4862292
85.6233189
80.9444538
81.5215401
88.524513
99.9410139
105.7153797
105.8476104
100.9139166
95.6404512
95.9145453
94.496787
94.4311095
93.9398418
94.496787
95.9810985
97.0678422
92.2479894
85.6889964
70.4920986
61.3918242
37.3013172
22.7970981
8.730729
8.7587514
4.001949
5.3724195
9.5512599
8.6843169
15.8475429
47.7396612
79.5477123
90.1997271
99.1914147
97.885746
95.3015553
100.3018023
99.7606197
104.4893997
110.1052638
111.1123188
105.0305823
100.0496007
94.7516157
95.4609327
78.3812799
72.3932433
67.0759929
58.0843053
45.790353
69.0253011
87.0936192
102.9324051
119.7318339
137.4165954
150.2333406
143.7785559
144.8696781
127.3145202
124.9553844
129.7682316
136.5496524
146.3058261
153.6100398
152.3604159
147.0992103
135.3184182
125.5797585
119.498022
104.3685531
101.4962571
92.7760365
91.1700027
86.6014758
92.7760365
104.0497983
123.1785891
139.2345486
149.0677839
144.648126
139.2345486
131.7779631
130.0685967
129.9757725
131.1089283
131.5730493
129.3636582
131.9539788
127.2926277
112.7875329
101.3377554
90.3529746
77.9189103
51.7880223
39.2935347
25.9250985
23.5318104
21.1008672
23.8304241
24.8681286
57.7865673
92.9573064
111.3653961
118.3018158
119.3211306
116.6852736
109.3740543
105.8029497
108.2049948
110.0378349
111.4398306
119.9288664
120.3781005
114.7123215
107.1024885
94.6395261
88.4789766
66.8544408
66.6556569
5.7612303
13.8562011
14.1767073
37.5684057
47.0478582
86.4429741
105.0060627
101.8246446
97.0047918
96.7604715
98.0118468
97.1273898
96.5905857
97.6922163
99.0101448
98.3227203
108.5929299
112.4801622
101.0715426
96.3173673
91.9966635
81.2185479
39.9975975
38.1936555
20.5483005
15.5401722
17.3441142
23.319891
28.4873967
54.6165333
85.2940557
102.2528619
97.3857213
92.1709278
88.4886093
86.6654019
85.5287433
85.3028127
88.4886093
91.9458729
93.9564801
94.0221576
92.9984643
89.7566229
88.4886093
90.9309366
88.4886093
96.6755286
90.8494965
85.8282327
75.2813019
39.5282223
39.6963567
43.6405095
74.8977453
80.8735221
90.652464
93.6026973
95.9916069
95.1763302
90.8302311
90.8205984
90.8118414
93.6499851
96.0476517
97.6116519
96.7131837
93.8654073
90.0998973
84.7047096
62.6545836
54.459783
25.5284064
22.7629458
12.1879926
7.4811051
4.5466344
5.6719089
9.4593114
13.153014
45.028494
78.3567603
90.7321527
90.7601751
91.0421505
90.9195525
93.0947913
94.8952305
95.6921175
97.7447583
94.8199203
95.1290424
94.4827758
91.6323723
87.9010146
95.1850872
93.1140567
87.3572049
83.6074575
98.4672108
109.3416534
117.1888011
130.9048902
143.2986723
150.9864426
136.7265438
137.073321
133.5766509
127.9800522
128.307564
132.3480438
137.0076435
144.6673914
147.6114948
135.8832447
125.2610037
119.7581049
115.5389823
106.0043607
99.4366107
91.6113555
88.9938882
90.8232255
91.8092637
103.1241834
112.6010088
122.536701
137.765124
124.1225937
118.3806288
115.1711883
112.3943436
117.9016209
120.9227859
129.0107511
141.8931738
142.5219264
138.4779438
132.4636362
126.9090711
124.0385265
120.6136638
116.6449914
112.0624533
111.1490982
112.2227064
111.9591207
109.3793085
114.7639878
122.746869
140.068215
141.3581211
141.5840517
131.7937257
122.7188466
115.7333877
112.9661757
116.4111795
125.0158077
134.8341561
140.1531579
129.4214544
119.6880489
113.8795308
112.8716001
110.6219268
104.926374
104.0874534
99.8411841
97.9654347
96.1457301
95.4828252
103.5462708
110.3311944
139.0296348
144.6288606
141.2600427
139.9999104
129.3794208
135.99621
140.3449362
144.9835191
158.9640696
168.2964045
162.1559961
146.1595842
141.4369341
135.9305325
134.0731728
128.3154453
123.8546295
131.2691814
126.1962513
125.829333
125.9422983
127.2146904
136.906938
140.838831
141.3668781
143.2146051
150.8419521
191.4490368
182.0019852
142.7811336
141.1593372
142.9694091
141.1024167
141.1313148
143.4125133
145.6096446
141.1873596
138.2178609
139.6601388
140.0936103
134.8043823
130.7481399
127.3512996
127.2199446
121.8519036
119.5812135
120.3229314
118.8780264
127.7830197
138.1320423
156.0830166
154.4218137
142.5517002
134.078427
124.8459219
124.0577919
124.4606139
131.1509619
158.4570393
162.6603993
131.1045498
126.2155167
123.9448266
120.1539213
110.4984531
116.5013766
111.9030759
109.7970174
111.2830803
111.4993782
110.7559089
116.520642
116.4829869
125.5561146
130.4836785
133.2570204
139.341384
132.1851636
130.5966438
131.4329373
143.1865827
155.8334421
174.9307077
184.1176764
179.8390062
135.8525952
131.3488701
129.2612013
128.2742874
128.1516894
126.8355123
126.2050083
126.3932838
126.8355123
129.7314522
131.0949171
206.411247
234.9967221
246.2135634
227.7275364
209.7783135
201.3155487
199.6981308
199.9424511
199.3215798
204.624819
226.7879103
225.5558004
162.1332279
131.1702273
130.418001
128.2926771
126.092043
129.0203838
126.696276
124.3064907
123.3694917
123.6409587
128.6263188
129.7883727
132.1221132
228.03228
232.6244508
216.5054409
208.8483201
197.8933131
186.8717529
195.5035278
197.5465359
203.731605
226.7949159
137.1363714
130.6413045
129.6762831
128.4485517
123.4535589
117.1178694
113.5213695
109.4528673
107.7750261
106.1900091
106.3590192
110.0334564
114.0275241
149.2648164
150.7359924
140.8747347
128.0413512
121.9298409
119.4174576
119.0987028
118.7895807
110.8583658
121.1513436
127.9196289
126.9913869
119.585592
121.1136885
117.2334618
117.2518515
113.7551814
105.4544211
103.7205351
101.7974979
100.8928998
103.4946045
107.0009073
105.2101008
119.6495181
122.7319821
122.1662799
123.683868
123.6742353
124.1173395
118.9804833
117.1143666
123.2503965
125.3713419
126.6244686
127.0491831
122.5620963
117.2369646
114.0319026
114.5792151
111.8645451
104.672421
102.8614734
102.6915876
102.842208
106.5691872
116.2412937
136.5662907
161.014959
178.2916443
182.1324645
178.301277
173.7248688
167.3839251
141.5201256
126.337239
126.328482
171.7151373
180.9056088
122.5069272
118.298313
111.5230221
111.1272057
109.0412883
105.0218253
105.7039956
103.0190994
101.4086871
99.7124562
98.7237909
102.5015607
102.1337667
103.0007097
105.3178119
107.1550305
108.8784081
107.1261324
103.0007097
101.9262258
101.2291686
100.3342032
103.0103424
104.4605016
103.0567545
102.0488238
99.8166645
98.0643888
97.9794459
95.3891253
97.771905
95.5274859
93.5002404
92.9249055
92.6516871
93.358377
92.3399379
93.34962
93.5755506
94.207806
93.5282628
91.9441215
90.2093598
89.0017695
88.7189184
88.690896
88.9737471
89.5394493
88.7854716
88.5306429
87.6067794
83.3246064
77.525721
65.9261988
64.9646802
60.475842
55.9300833
37.6734897
44.1142632
62.4557997
83.0802861
88.2101367
93.4345629
92.1140073
88.4640897
85.7678094
83.5514127
81.1467405
85.0225887
84.7773927
87.2766405
90.1147842
88.7285511
89.6813127
87.1820649
84.5129313
85.7958318
86.974524
86.0121297
87.210963
87.7775409
88.4667168
89.3354112
92.9791989
98.3419857
106.4527191
108.5859243
106.2539352
102.7704006
95.4434187
92.2427352
91.1384775
90.6664752
90.7794405
91.0911897
94.3960815
93.5554095
89.9772993
87.1260201
84.916629
81.3008637
72.4063788
78.7096674
73.9011987
70.6287078
70.9816149
70.5052341
78.8340168
89.6524146
104.9841702
111.6246033
105.3852408
100.2045996
96.7893696
94.7761353
94.0028922
93.8032326
94.0317903
97.9724403
104.1067188
103.8965508
96.2455599
93.1639716
90.3967596
87.2293527
80.38926
82.1940777
82.1371572
78.970626
81.0188883
86.6408823
91.7138124
107.0350596
127.913499
156.0733839
163.7243748
156.2721678
153.6266781
144.1174518
140.0305599
148.1754456
134.2754595
153.5321025
163.5255909
168.0669711
157.8939642
130.5397233
128.8426167
118.4795829
98.5398939
104.0410413
96.327
92.6376759
87.0752295
83.1363309
88.2477918
96.327
103.4937288
104.1750234
103.1478273
96.0958152
98.7667002
97.9890786
96.1439787
96.3751635
97.9890786
103.4840961
107.9799399
109.0552995
103.8203649
99.6222591
101.8509156
105.5875275
103.560282
98.6099499
102.1784274
107.7364953
111.1797477
113.4775845
115.0450875
116.8245099
119.4883893
130.6728297
158.0997537
152.7719949
145.5781194
130.6824624
124.0849386
123.5078523
123.3738702
124.4028177
130.6728297
134.3560239
119.1801429
113.5064826
110.0159424
108.2943162
103.8895452
104.2731018
100.7799345
100.0364652
98.2228905
97.4505231
99.0232803
99.1485054
101.7353232
103.1434488
104.4753885
104.7363471
103.3177131
101.300976
100.0653633
102.6224073
108.7601886
115.7649129
125.0578413
125.2023318
122.886981
116.2859544
115.7167494
115.7552802
115.7649129
116.074035
115.3988703
115.0897482
114.6939318
115.8043194
121.8352653
164.263806
187.4225682
199.5326235
187.6160979
173.0549583
168.1527897
129.3908049
131.7350538
124.0446564
139.7345733
169.8122412
185.8209129
152.7422211
120.9762036
116.1799947
115.2631368
115.2832779
111.8382741
111.6885294
109.1892816
108.2111247
107.9781885
107.9781885
114.1107156
116.2123956
119.1284766
121.2686874
120.522591
119.9901654
118.2273813
116.2220283
117.413856
118.6433388
118.7116434
119.3412717
118.6433388
118.7405415
117.9270162
116.6195961
116.774595
116.7842277
113.3646192
107.7382467
106.3152342
105.5735163
105.0962598
104.9298768
112.2533559
113.5406349
116.4470832
117.0031527
114.9259923
113.6868768
112.3514343
109.1332368
108.4405581
107.8459578
107.6699421
107.7189813
107.6804505
100.2781584
93.8908026
91.24794
89.7951537
89.5517091
85.9333167
82.1266488
78.6063348
77.1395373
77.1106392
77.8436001
82.4935671
83.9980197
90.3739914
96.8655555
101.0426445
98.3419857
92.920527
89.7662556
87.9237828
86.3711667
86.1680043
86.7757401
86.3904321
86.7275766
85.2327567
83.4673455
82.9366713
83.3710185
82.7825481
76.8750759
78.3769014
79.9444044
81.5609466
84.7826469
90.8065872
96.6396249
104.5375632
111.3163569
104.9009787
103.017348
95.1194097
90.7689321
86.2363089
84.0470589
80.5276206
79.0266708
79.8393204
78.4819854
76.483638
76.4451072
76.1587533
69.0445665
64.9716858
73.5386589
76.1885271
76.0554207
75.6070623
76.0168899
74.7015885
76.6079874
77.4652977
78.5047536
80.0582454
80.8017147
80.0486127
79.1046081
79.6195197
80.3918871
81.5355513
84.5278182
95.2787871
103.5226269
100.6345683
92.4003612
90.8757675
87.4535319
87.7687839
95.0318397
95.0607378
95.022207
94.9565295
94.7568699
95.8873986
96.0581601
96.8182677
98.5477752
99.6494058
102.7091016
102.6048933
97.9776945
93.7971027
91.7917497
93.6543636
102.2344722
102.7756548
104.4762642
103.9158162
102.728367
98.7850899
95.0983929
91.0605402
95.8112127
93.1315707
92.4765471
92.6569413
93.1797342
101.388546
101.6924139
103.5550278
106.3957986
104.4666315
103.9254489
103.1653413
102.5567298
102.1197555
101.8728081
102.2721273
102.7467567
105.0086898
104.8659507
103.963104
103.0226022
102.6048933
103.1557086
101.3316255
100.0653633
98.6414751
97.81569
99.619632
100.9384362
102.7800333
114.5231703
183.9644289
190.4008239
165.7568745
115.5013272
115.0354548
119.4594912
113.0047065
115.8235848
111.5895753
134.8761897
166.3173225
183.774402
123.1426854
103.8151107
103.5016101
100.6827318
98.831502
95.6579652
93.2287734
92.876742
92.6192862
92.8101888
99.8481897
103.85802
107.5911291
174.0199797
143.7916914
122.5437066
109.2768516
108.1147977
107.4956778
107.4580227
107.3818368
107.5053105
106.8389028
103.7336706
99.9629064
94.8768408
93.9056895
92.9432952
88.962363
86.939496
87.5411019
89.0691984
89.7093351
89.9475255
93.8829213
104.3519148
105.1829541
106.1856306
154.0487655
139.0909338
123.044607
109.3758057
109.7961417
107.8573419
107.1313866
107.6279085
107.7995457
104.2275654
104.4473661
103.0716414
101.9157174
102.9289023
96.3856719
96.7569687
91.2908493
85.9306896
79.9768053
76.5589482
82.2737664
85.0112046
89.9895591
89.9895591
87.7302531
86.2179192
82.2737664
82.254501
77.3733492
76.5020277
74.5684821
75.4389279
81.3744225
86.6583963
81.4120776
69.9447861
67.0059369
67.3886178
62.2202364
60.2262675
63.8105076
56.2759848
55.3319802
62.6256855
69.7749003
77.0195664
85.5751554
91.9055907
98.5144986
100.162566
96.0388947
88.6199643
82.6371819
83.2151439
87.8204502
94.7866437
98.1099252
100.3841181
100.2877911
100.2492603
100.4708124
101.6652672
101.6171037
101.5698159
97.0783506
92.7506412
87.5095767
86.4902619
91.3083633
94.0396716
98.5889331
104.7442284
104.7538611
100.906911
97.0879833
92.1831876
87.1531668
86.0471577
88.1059284
93.568545
101.1275874
102.6276615
97.0687179
92.692845
90.9528291
87.7109877
85.9035429
79.4496339
67.0628574
48.4910118
33.7477266
28.9103598
37.9598436
71.7653664
77.5940256
75.1797207
71.5061592
68.6592585
68.5436661
66.1967901
64.3893453
63.9558738
63.6774012
71.6594067
81.6134886
86.3072406
85.6627254
84.5085528
81.7579791
81.1616274
70.4097828
50.0217354
45.5688009
47.3061897
52.7766876
70.0901523
81.9628929
85.0908933
93.1245651
97.1265141
97.9330338
97.8078087
97.4435175
98.2684269
99.3630519
103.8737826
110.2847823
113.096655
114.1720146
137.1284901
119.5558182
112.0887243
109.0369098
105.8318478
103.7581902
100.4375358
98.9330832
98.4435669
98.1948681
98.4339342
100.0539792
103.9061835
107.0298054
108.3433554
108.534258
107.614773
107.2215837
105.4684323
106.8572925
106.9343541
107.1357651
107.6629365
108.5535234
107.614773
104.4429876
99.6607899
99.6993207
99.2772333
97.6099005
99.0819522
97.1011188
96.6107268
96.1588656
95.7744333
97.3419363
97.947045
100.1581875
104.330898
107.7251112
105.5708892
106.4369565
105.408009
104.129487
102.7064745
102.9656817
105.7442778
109.5229233
109.8880902
106.7057964
100.1774529
99.6205077
96.6107268
93.5921889
92.8802448
91.1726298
88.5709251
88.0910415
87.2468667
90.2986812
91.2295503
96.8830695
98.8507674
96.3261243
94.7428587
93.1683501
92.0168046
91.2584484
90.4808268
90.2023542
91.9782738
93.5142516
92.6595684
90.7592994
86.3159976
88.4562084
86.4692451
77.9942205
86.7065598
82.1853207
81.0162612
80.8244829
81.0836901
81.8980911
82.4532849
83.4971193
88.3248534
86.0165082
82.6643286
80.6712354
78.5739339
77.8838823
78.5739339
83.1144384
86.2082865
91.4283342
94.83831
94.8286773
92.3189211
91.9458729
92.1560409
92.0894877
96.7263192
95.5765251
95.4136449
96.7841154
96.6492576
97.99083
99.3805659
101.8815651
101.2204116
98.4418155
95.4618084
90.8241012
85.1232942
81.912978
84.0207879
88.9842555
94.7813895
109.2689703
112.6605564
113.9346999
109.0290285
105.416766
100.9901025
99.7921449
103.1075451
100.2518874
99.8692065
99.821043
99.9357597
105.2635185
108.0132165
128.614059
172.469115
113.3217099
110.3802336
107.3047752
104.2188084
99.9839232
103.5672876
103.9219461
106.2022689
109.278603
109.3740543
109.5176691
107.1699174
106.537662
106.1068176
103.9123134
107.6174001
105.4474155
104.9473908
104.8326741
104.8615722
108.9712323
109.4038281
111.4109325
112.9285206
111.0842964
110.7769257
109.6630353
108.4913487
108.1454472
108.5298795
108.5298795
109.2304395
109.7786277
110.4117588
110.3924934
109.4616243
108.7023924
108.6165738
105.8309721
108.0841482
107.1129969
106.6716441
106.6042152
107.1611604
110.1595572
110.0824956
144.2076489
173.0479527
137.423601
113.2831791
110.5536222
107.824941
106.4886228
107.4501414
109.6796736
110.7655416
112.6299069
112.5143145
110.9091564
110.1499245
109.8521865
109.6700409
107.4501414
104.4753885
102.8343267
102.4288776
104.611122
103.104918
106.3485108
107.9510418
111.1377141
111.4949997
110.7804285
107.6716935
107.4877965
106.1269587
103.4622036
104.0121432
104.6303874
105.2381232
105.6243069
105.5857761
105.4509183
103.9639797
102.728367
102.824694
100.4979591
103.6758744
102.9858228
103.4911017
103.3361028
103.8116079
106.1532297
108.5325066
112.457394
113.5844199
112.6614321
111.1070646
105.9588243
104.1426225
99.1686465
94.8269259
92.7961776
92.8452168
94.6903167
96.2639496
95.1763302
93.3014565
92.6797095
93.1753557
92.3110398
94.2664779
92.0562111
92.027313
92.6867151
93.3356088
94.0046436
93.9372147
96.2727066
97.6011435
96.922476
96.8646798
94.5475776
89.5946184
91.4265828
94.8672081
96.2052777
100.4121405
108.0018324
110.3670981
110.1245292
108.6314607
107.2653687
104.6190033
102.5637354
101.7852381
100.1354193
99.4760172
100.9314306
99.7089534
100.0872558
101.9411127
102.6688194
104.5515744
104.5612071
102.0864789
103.6592361
103.6881342
102.0479481
103.6592361
107.3371761
110.3268159
134.4558537
156.7503
160.3415457
143.3266947
140.7258657
132.9417684
114.2578332
126.7584507
115.0337034
113.3742519
114.1413651
114.7526037
127.3898304
127.3994631
173.9875788
204.1729578
177.1514829
160.1278749
151.2762993
140.9973327
136.3193433
115.6939812
116.4321963
110.5404867
124.3126206
149.674644
161.4571875
120.4017444
120.1294017
111.2970915
105.3861165
98.4645837
94.6999494
90.6226902
87.7162419
87.7057335
89.2180674
96.2797122
100.0250811
102.9902013
96.0257592
94.9039875
94.8750894
94.5826056
94.4748945
95.9092911
98.025858
103.9753638
113.4758331
141.5761704
126.048258
110.5588764
109.6227531
109.3302693
108.4720833
108.8171091
106.7285646
106.6497516
105.679476
105.679476
112.3365474
133.6624695
150.6160215
165.3917076
155.1854241
145.663938
137.2615965
130.5940167
128.8776447
130.584384
134.0547831
137.2615965
145.3802112
158.5577448
161.5386276
146.0956581
127.9170018
122.396589
113.0625027
111.9267198
109.6910577
108.4309254
107.2592388
107.6427954
110.3408271
128.3224509
143.4291516
152.0942031
144.31536
136.1319435
126.0377496
116.6537484
111.345255
111.0991833
111.3750288
112.9407804
126.0281169
126.0377496
138.4061364
128.9135484
119.3614128
116.0136117
107.2785042
101.5216524
99.3411594
97.7430069
97.5258333
97.771905
103.6031913
112.3356717
130.9057659
134.7238179
130.8856248
126.3573801
119.6074845
111.4284465
108.4484394
109.8688248
107.8958727
108.6358392
120.2984118
128.9520792
123.1794648
108.6551046
105.8730057
98.6598648
92.710359
91.2190419
89.7356061
89.2714851
89.0341704
91.0605402
96.756093
103.0751442
108.8600184
109.6411428
105.1812027
94.4521263
88.2723114
83.9612403
82.6949781
83.6346042
88.7565735
96.9242274
105.2600157
109.9669032
109.1962872
104.8449339
102.264246
100.0592334
98.8131123
102.956049
99.1879119
96.9820236
92.1157587
90.8398638
91.0771785
91.0079982
90.7111359
91.957257
93.7576962
93.5300142
89.6130081
84.6871956
83.1941271
80.6721111
82.105632
88.366887
99.8114103
108.2680452
109.9993041
104.6969406
100.3350789
93.8365092
85.231881
78.2683146
74.1534003
69.197814
59.3172909
59.3365563
71.1567549
83.4314418
85.7257758
90.1576935
90.503595
88.9702443
89.3459196
89.4553821
89.2373328
88.6637493
87.6453102
87.0612183
85.5287433
90.2461392
93.0851586
87.9316641
85.1723334
85.5480087
80.6817438
78.7937346
81.3858066
80.2395153
75.8820321
73.9283454
74.9056266
84.7160937
92.841714
96.1212105
91.2663297
89.5017942
87.9456753
87.4176282
86.8291578
86.8492989
87.8265801
91.3460184
99.610875
103.7485575
103.7284164
101.913966
101.7046737
101.7248148
100.8771372
101.9884005
100.9226736
100.3744854
100.7825616
101.2212873
104.5594557
112.4503884
135.8350812
148.1404176
111.2252841
102.8956257
98.0626374
93.6088272
93.4100433
95.661468
96.9671367
100.6836075
107.6778234
110.8259649
109.1323611
106.1234559
107.0201727
108.2654181
108.6340878
103.665366
103.0690143
99.4742658
96.6729015
95.1430536
99.6029937
107.6384169
135.3893499
132.8471928
111.730563
100.2483846
93.1464576
87.9421725
80.9794818
82.4988213
89.0446788
93.2165136
98.857773
100.3079322
98.8481403
95.3514702
93.3750153
89.3030103
82.4594148
80.3796273
79.9890651
80.0494884
77.7463974
78.9583662
86.8887054
91.9458729
95.5204803
96.3716607
92.6368002
89.7531201
85.6373301
84.1854195
87.3790974
90.4834539
94.9801734
97.272756
101.4288282
104.4324792
101.9595024
98.805231
97.5634884
97.5836295
96.9426171
96.0161265
95.1465564
93.7778373
91.9984149
93.0378708
96.545925
97.2254682
99.2238156
97.46541
98.1248121
93.9372147
90.2198682
86.6925486
83.8141227
88.2215208
91.6490106
96.6956697
100.7326467
101.8920735
103.4709606
101.1127005
99.234324
97.1449038
96.5660661
96.9636339
95.3488431
95.5196046
95.4696897
95.3190693
95.6597166
95.6798577
95.7604221
96.9636339
97.7657751
97.5652398
96.3716607
94.4363637
91.5588135
92.5010667
95.6798577
98.0459991
99.059184
100.2124809
99.2395782
98.6983956
97.5547314
96.9636339
95.4092664
100.0014372
98.5679163
97.9356609
97.7053518
97.9260282
100.582902
102.9700602
103.5007344
104.6338902
103.8720312
103.5313839
101.6363691
97.053831
95.4889551
95.4294075
97.0135488
99.7308459
105.0656103
109.1060901
120.627675
108.2741751
107.3117808
103.7117781
102.2178339
100.6485795
100.3184406
100.1389221
98.927829
97.3279251
98.9882523
100.7685504
102.579498
102.6600624
101.3193657
99.7886421
98.5477752
97.3375578
96.327
93.3364845
92.6157834
95.9469462
100.3490901
100.3683555
97.4076138
94.0860837
92.0754765
90.0447282
87.5034468
82.3455738
75.0072078
75.0571227
70.5980583
68.3334981
75.9608451
83.8456479
88.9895097
92.8128159
86.3781723
78.3541332
76.3776783
72.2067192
72.9414315
75.5238708
76.7051901
83.0706534
85.0471083
86.904468
88.165476
87.6785868
87.3808488
88.2250236
83.1109356
76.991544
69.6575565
57.2191137
47.2580262
34.0726113
65.8465101
76.553694
86.6347524
86.5848375
78.1956315
72.5832702
72.2548827
71.9361279
71.2697202
71.9168625
75.9266928
78.7630851
86.5848375
92.1376512
92.7637767
91.1419803
88.5551625
85.6793637
79.2701154
77.2095933
70.9641009
66.6188775
55.4248044
53.2574469
54.9992142
66.3421563
80.3962656
80.3962656
74.0719602
74.180547
74.1709143
74.0421864
73.497501
73.1612322
73.0622781
73.3792815
78.3471276
84.6618003
87.7206204
87.4132497
81.6528951
75.7839537
71.0726877
70.1829765
68.74245
57.752415
43.4137032
1.768914
2.8617876
46.3551795
55.4370642
69.845832
73.611342
76.2743457
76.2147981
74.9826882
74.6148942
73.0649052
72.3897405
73.5421617
75.6184464
72.1804482
79.0074054
76.4337231
75.7874565
76.1254767
75.6088137
77.2244802
76.1753916
75.6508473
74.1472704
72.227736
70.3178343
74.4835392
78.7184244
81.1230966
80.2430181
77.6106639
75.2453982
73.0780407
70.9702308
70.633962
76.4626212
82.2115917
89.1681525
95.5414971
97.0056675
96.817392
95.1456807
90.9300609
92.0483298
89.049933
86.4368442
83.2414149
84.2204475
92.1367755
98.3708838
117.4699008
100.7860644
96.8279004
91.6025985
80.0845164
76.1753916
73.4843655
71.0691849
70.9702308
74.1569031
80.3910114
88.1488377
95.3234478
98.1931167
97.9163955
96.8375331
90.5044707
87.9623136
84.2808708
86.5331712
89.768007
91.6341237
96.8042565
117.3849579
158.6969811
153.7746714
120.2730165
100.1678202
94.164021
92.8741149
90.9791001
91.0579131
92.3784687
95.3453403
100.6345683
131.6159586
154.6381116
130.5835083
126.8031114
106.3896687
99.1852848
96.8970807
91.1498616
93.0982941
94.1666481
94.0974678
98.1230607
106.8380271
138.430656
145.987947
138.4604298
124.8599331
114.1080885
106.590204
101.2388013
99.2711034
99.6362703
101.397303
117.5206914
139.3702821
143.6436981
126.6305985
110.0422134
102.4262505
93.7708317
88.6497381
83.8868058
82.3455738
80.3297124
79.4496339
80.4873384
88.8677874
114.0660549
123.9281883
105.2214849
89.5884885
84.5584677
80.4085254
80.1116631
80.1221715
80.8034661
80.9523351
86.9105979
92.2961529
102.0698406
108.8486343
101.239677
95.8042071
91.4467239
87.3213012
82.2054618
79.443504
79.4137302
84.7782684
91.7716086
98.6659947
107.159409
127.8224262
127.2462156
119.5575696
109.1165985
103.6233324
96.5003886
93.1026726
93.4310601
96.4706148
99.6397731
104.2590906
103.8912966
101.1792537
94.8216717
88.8415164
82.6319277
84.5374509
81.3814281
80.7842007
80.9138043
81.8797014
82.66608
84.119742
86.1907725
88.5499083
88.8091155
88.6593708
86.7783672
85.354479
85.0260915
84.4279884
84.3290343
84.3185259
85.9219326
87.9132744
93.1998753
89.3765691
88.629597
87.1260201
85.1749605
86.7214467
86.0086269
85.494591
85.5147321
85.8404925
86.1277221
86.8492989
87.403617
87.8878791
88.6891446
88.7390595
88.1059284
87.3046629
86.2660827
85.4753256
84.9113748
84.3272829
90.0937674
96.038019
103.297572
106.2845847
110.9923479
108.2137518
104.8011489
104.2275654
103.4166672
103.5453951
102.2695002
99.3315267
103.8518901
132.7718826
161.2268784
156.9841119
110.627181
102.8824902
94.1587668
88.1059284
82.6853454
79.6291524
86.0191353
90.2916756
99.321894
106.502634
147.3899427
149.7438243
131.8523976
111.4871184
108.0753912
106.0805466
105.2906652
106.4264481
106.406307
106.4264481
108.5990598
116.5495401
172.626741
170.8587027
133.6353228
114.1597548
107.6209029
105.0235767
104.2144299
103.4438139
104.7871377
107.5123161
114.6527739
117.5469624
117.8823555
125.4580362
119.3150007
112.9644243
108.4808403
108.1366902
107.6244057
107.4168648
107.4562713
107.9098839
111.6456201
116.4952467
147.8488095
169.0206084
130.5213336
114.2280594
109.8320454
108.4913487
108.7277877
108.3634965
108.3634965
108.4624506
109.8618192
109.970406
108.7479288
108.560529
109.3985739
109.4966523
108.2750508
114.6142431
113.4066528
113.3365968
111.5886996
111.1298328
114.7245813
114.6440169
117.4707765
117.8797284
117.1310049
111.7183032
107.3546901
103.8702798
103.1014152
104.0699394
104.5191735
106.3161099
111.2392953
112.5572238
112.8374478
112.1579046
110.2611384
108.8425044
106.9352298
98.8104852
97.8104358
98.2404045
98.8209936
99.9812961
103.9123134
102.9718116
104.5725912
107.3336733
103.9823694
101.7922437
100.9314306
94.9398912
89.5779801
89.0078994
93.8391363
101.0715426
107.5438413
110.9748339
111.345255
112.2551073
112.9749327
112.9355262
111.8146302
109.5745896
108.3039489
108.9642267
107.3538144
107.3739555
108.4939758
108.9940005
109.7847576
110.0045583
110.4748092
108.1034136
104.3028756
98.8805412
95.7901959
92.4292593
91.4983902
96.0099966
104.5025352
108.2838078
109.3241394
109.7147016
109.874079
109.7041932
109.5640812
108.0140922
107.8135569
107.693586
107.0236755
106.4133126
106.5332835
106.6129722
107.3231649
108.6840027
106.9939017
101.8220175
89.908119
84.2362101
62.0091927
56.7777609
57.9284307
76.4740053
92.1183858
103.052376
107.2837584
107.413362
107.2338435
106.1935119
103.6522305
95.1001443
81.8753229
77.5143369
71.9221167
70.0218477
70.8625197
77.7043638
76.4740053
71.5324302
54.8967573
27.4584492
13.5243108
13.214313
9.9934884
1.760157
2.2102668
4.1814675
25.5476718
65.6801271
67.6609605
72.0324549
72.5228469
66.4603758
43.5739563
4.0711293
1.1200203
0.7399665
1.1305287
6.2919045
49.2449895
82.8158247
102.2721273
101.0014866
87.9176529
75.1236759
72.2925378
72.7023654
71.772372
71.1120942
70.8922935
78.5949507
87.3677133
99.4313565
106.3730304
108.2137518
112.7052171
109.4239692
107.483418
99.0723195
87.2801433
79.2438444
77.3610894
78.8191299
86.8449204
99.5889825
106.4921256
107.9492904
106.2793305
104.2039215
99.9935559
98.4041604
95.4889551
95.5598868
95.206104
99.7807608
106.2688221
105.8038254
107.938782
108.2426499
107.938782
106.2083988
97.0582095
95.5379943
88.1821143
82.3271841
75.7673154
74.1148695
87.3554535
98.621334
106.0280046
105.3432072
100.4051349
89.8345602
86.7512205
87.3055386
86.2371846
84.2624811
85.8842775
91.0342692
93.7848429
101.8666782
103.6496034
105.8265936
105.7556619
105.4237716
105.3326988
102.1136256
101.7519615
101.6319906
101.8421586
102.4148664
103.6592361
104.6627883
105.8773842
106.3993014
106.2285399
105.4150146
105.3449586
104.5121679
102.9665574
103.297572
103.4280513
102.5646111
104.4018297
105.2048466
105.3449586
105.3353259
105.4859463
104.6321388
104.3212653
102.8719818
102.5926335
102.5225775
102.5024364
101.8027521
100.2641472
101.992779
101.423574
101.8929492
98.595063
94.8479427
91.3906791
85.7354085
81.8884584
81.9077238
82.2080889
90.7409097
95.6772306
102.8824902
104.4105867
104.8405554
104.7906405
104.3808129
104.260842
103.148703
100.381491
99.3928257
97.8542208
99.3429108
100.1818314
100.1818314
100.4813208
104.2468308
104.7170817
105.0761187
103.9377087
100.9410633
95.2271208
92.4896826
92.3898528
95.9364378
100.5610095
102.9183939
103.577796
104.7766293
104.99643
103.4184186
102.6591867
104.3273952
103.0287321
101.6398719
100.7107542
101.5601832
105.2363718
117.9620442
172.3938048
157.5699552
138.6101745
128.5212348
111.4398306
102.8089314
99.6923151
94.8873492
92.6499357
94.0081464
98.4531996
102.6889605
102.7887903
102.6793278
102.4691598
102.0698406
101.3902974
101.8579212
98.743932
97.7859162
97.9750674
97.2561177
98.7833385
104.8729563
135.5382189
149.8130046
120.4647948
102.737124
99.4129668
92.6043993
86.3562798
81.9234864
79.977681
81.4147047
91.3074876
97.4557773
99.7317216
101.2589424
101.1197061
100.2912939
95.5695195
99.4479948
95.2139853
97.1300169
96.5888343
98.5048659
103.1294376
107.6944617
112.2787512
127.2365829
103.4805933
92.3653332
80.2158714
75.7822023
75.0194676
74.3075235
75.2909346
78.1597278
80.9786061
92.3145426
104.0025105
106.9115859
106.9115859
105.2460045
98.8157394
98.0503776
92.6972235
94.873338
93.1228137
95.2875441
98.8796655
103.4333055
106.5805713
105.6593349
98.5258827
95.1465564
94.7008251
92.3942313
87.8607324
86.9806539
84.9971934
90.2890485
98.0705187
99.4874013
102.1889358
106.3984257
106.0341345
103.8177378
101.3999301
97.3445634
93.3610041
92.4774228
94.479273
92.9958372
96.76485
108.3994002
114.6387627
119.8815786
105.3721053
93.402162
82.1739366
74.7462492
71.3826855
70.0008309
70.8336216
83.0172357
92.517705
98.7772086
103.6749987
105.0568533
105.2906652
104.2030458
97.7403798
98.3157147
94.4924085
91.4257071
92.4581574
90.4344147
95.0852574
98.8884225
101.6179794
98.1729756
88.4912364
78.6159675
51.0235362
37.6822467
45.9225837
58.1701239
61.3182654
76.7656134
88.8493977
98.1423261
105.3186876
106.4535948
103.8264948
100.8823914
99.8087832
104.1303627
96.5739474
94.0992192
88.936092
88.5779307
89.6821884
89.2329543
93.1079268
92.7602739
92.0238102
83.5374015
51.0734511
37.4738301
34.8257133
34.4684277
51.0322932
84.3754464
95.3672328
103.7214108
112.17717
112.4127333
112.4022249
112.3820838
108.5885514
97.780662
85.459563
83.935845
78.4758555
76.8505563
88.506999
110.7970668
123.1689564
133.6186845
121.4412003
112.3102764
109.5089121
101.2055247
97.2797616
91.7987553
89.5902399
90.6331986
101.2265415
111.7787265
112.3715754
112.2691185
111.8803077
109.4677542
100.0706175
95.4915822
94.1657724
92.7375057
90.9528291
90.748791
95.5633896
102.509442
103.9578498
103.9884993
101.9892762
95.1141555
88.4842308
82.6905996
76.9582674
67.8702528
68.8799349
81.2421918
85.424535
90.8810217
95.5020906
101.4279525
101.6626401
96.5012643
91.799631
94.5274365
92.3206725
93.2602986
91.3801707
92.3916042
99.5951124
105.162813
111.3338709
111.2016402
101.3929245
97.0512039
99.9217485
95.0283369
95.3138151
93.8023569
93.7717074
97.2245925
100.6371954
100.013697
104.488524
106.0218747
106.5937068
105.2757783
104.2538364
106.3406295
100.1441763
97.3909755
95.8909014
96.8559228
102.6723222
120.0786111
146.6823771
135.9953343
108.2619153
98.9829981
96.2709552
93.0440007
92.38635
92.8075617
91.3486455
91.2050307
100.5145974
112.2796269
124.6304997
159.28983
122.2161948
111.6324846
101.3158629
101.1617397
92.9441709
90.5193576
92.4511518
93.1079268
97.7508882
110.9100321
123.2468937
126.740061
120.3807276
112.6561779
109.0614294
104.8291713
95.6246886
92.6455572
91.42308
93.0772773
101.870181
111.783105
119.3640399
124.8292836
123.7609296
115.9540641
105.2092251
107.8503363
108.6244551
106.1567325
105.0621075
101.2930947
102.8115585
103.2966963
109.4607486
113.1886035
107.0657091
103.534011
95.8208454
87.3852273
80.3121984
70.5332565
73.5798168
80.6729868
90.389754
94.6228878
103.0278564
105.320439
108.5009814
108.4177899
106.9728849
102.491928
91.3118661
90.0727506
88.3800225
87.2959059
88.4824794
88.6173372
84.6530433
79.986438
53.321373
29.546118
74.5457139
77.7875553
77.5090827
77.4267669
77.3751006
76.5694566
82.2580038
94.4494992
105.2897895
114.5082834
122.2407144
117.1616544
108.7479288
109.6770465
100.6231842
95.7192642
92.4371406
88.4413215
88.2145152
87.3677133
88.585812
88.3896552
88.7303025
79.9557885
77.3645922
77.2402428
77.044086
74.8767285
78.3558846
86.0979483
90.8258526
103.3282215
109.5632055
118.3587363
121.6417356
115.1484201
104.917617
101.6661429
88.3695141
85.9946157
83.5172604
83.8473993
93.314592
109.015893
127.3302828
135.2072043
123.2836731
115.6230495
109.243575
104.8974759
98.7342993
92.0544597
87.4193796
95.7919473
104.8764591
110.1621843
113.5380078
118.2046131
133.596792
123.9334425
114.0643035
107.5771179
102.5646111
100.9042839
98.1817326
103.0803984
108.2680452
119.8290366
133.2053541
124.5105288
107.8967484
99.6669198
89.5700988
82.6704585
84.9910635
79.9584156
78.2254053
88.9308378
101.8220175
108.2575368
118.4673231
113.3935173
117.1266264
110.2269861
107.8240653
104.2660962
96.3208701
95.2069797
96.3208701
98.4969846
106.1716194
111.1070646
130.0072977
122.1452631
108.7330419
96.7166865
85.5436302
75.2865561
64.7072244
60.9890022
70.0901523
83.2633074
103.078647
110.565882
119.4796323
121.8221298
115.2727695
106.0989363
94.9670379
84.8947365
79.8769755
78.8401467
79.793784
79.1203707
88.5542868
97.4697885
105.6803517
99.532062
93.9757455
91.1770083
85.0707522
80.4260394
79.5555936
79.8358176
82.0329489
87.4964412
83.9612403
83.9717487
83.8990656
83.1109356
86.9473773
83.401668
77.5651275
79.2797481
76.6167444
81.7176969
82.6293006
85.4665686
86.2345575
84.0636972
87.6383046
89.2355814
90.5780295
83.4690969
76.6167444
74.1682872
58.9276044
52.8528735
66.763368
76.8523077
86.7056841
90.9563319
93.4765965
95.0537322
96.7333248
95.1666975
91.5920901
91.4826276
85.0838877
84.2283288
85.0943961
84.5129313
85.6644768
84.7169694
83.4226848
79.1939295
71.2460763
63.3490137
53.6182353
51.5393235
54.249615
44.3866059
39.4546635
59.5484757
81.2220507
92.9397924
96.7306977
96.8322789
96.9040863
95.0800032
94.0405473
87.5498589
85.5217377
85.3185753
82.2509982
83.1985056
89.6690529
97.4951838
115.6729644
109.5693354
98.7483105
91.3302558
84.6863199
80.3962656
73.7934876
74.3443029
77.0134365
82.9541853
89.3021346
94.2244443
95.7630492
96.7306977
96.1290918
93.7760859
83.6162145
83.1293253
80.1212958
80.2430181
82.5215895
83.585565
87.0498342
93.5729235
94.1806593
94.6263906
93.218265
87.2013303
74.1656601
68.7459528
64.8666018
71.2276866
79.3007649
80.2027359
91.4554809
93.1876155
93.7953513
93.7655775
93.5930646
88.7819688
81.904221
69.723234
66.2072985
65.3053275
64.6669422
65.0417418
71.0000046
79.7263551
85.704759
86.0602932
85.442049
82.7159949
82.8167004
81.0127584
84.0435561
84.9350187
85.0462326
86.090067
89.9720451
91.1069523
91.1270934
91.5421752
91.7549703
90.1340496
89.5867371
84.8851038
83.1643533
82.8911349
82.9515582
84.3789492
85.9079214
88.5901905
91.0999467
95.2096068
88.88355
94.0055193
96.1614927
99.208053
93.4485741
89.5919913
87.6689541
88.9238322
90.6043005
88.4684682
88.0437537
87.4263852
87.0822351
86.8492989
86.1706314
83.427939
82.9349199
82.9445526
81.6861717
80.5582701
83.0548908
82.8744966
85.4919639
86.1469875
84.907872
83.0548908
80.1650808
75.4932213
69.5016819
66.4095852
70.0349832
75.3119514
78.8261355
79.2385902
80.4873384
82.8035649
83.6389827
83.0347497
83.7904788
78.0274971
76.0300254
73.409931
71.6261301
71.6164974
75.8671452
79.5056787
81.61524
81.5854662
80.8209801
69.9649272
39.84435
16.3090368
5.8199022
5.3102448
6.2892774
41.3838306
69.3125307
80.5757841
82.9716993
82.6450632
82.8596097
82.7168706
82.1660553
80.3507292
79.7000841
79.3751994
79.2228276
79.2026865
79.4566395
76.1859
72.7119981
70.9133103
60.379515
26.2990224
14.53662
10.1782611
1.9300428
0.1725129
1.8591111
53.3905533
71.3502846
82.7685369
83.0119815
83.2046355
83.2457934
83.1538449
82.5750072
74.1034854
64.6660665
63.2947203
65.6214552
75.5860455
76.3076223
83.2457934
93.7182897
95.6185587
88.7110371
86.4149517
84.4849089
86.3843022
85.0943961
81.8332893
75.5562717
73.4834898
74.7129726
81.5697036
84.1092336
85.0330971
83.9367207
82.2606309
80.7877035
74.4546411
70.2652923
67.3027992
61.1054703
63.3472623
70.14357
77.7306348
78.1973829
78.1159428
74.565855
72.4457853
62.5354884
52.0069473
40.9398507
20.885445
13.1565168
42.4915911
60.6492306
60.6492306
60.1824825
57.5956647
50.6977758
29.7413991
15.2257959
45.6528681
31.5593523
31.5593523
31.5593523
31.5698607
36.3757023
45.6222186
52.9991154
56.727846
52.7854446
50.7941028
38.0728089
7.4583369
1.5342264
0.2644614
8.4128499
45.6931503
59.9390379
66.0654351
71.5832208
76.9985496
79.417233
78.3602631
76.5720837
78.9452307
78.103683
78.0012261
78.0117345
77.3032932
77.2314858
79.4067246
81.9199836
87.2538723
79.60113
73.9082043
66.7178316
64.4918022
46.0679499
31.1740443
55.361754
71.8362981
81.9401247
86.7310794
87.4281366
87.438645
87.4281366
85.2126156
79.6221468
85.1513166
82.6170408
79.6633047
76.4932707
77.8777524
80.616942
85.3352136
105.451794
104.55858
90.3205737
72.9641997
62.122158
62.1939654
59.5677411
59.4241263
65.9174418
73.3547619
85.0278429
93.8601531
93.7165383
93.3776424
92.8136916
92.465163
85.2634062
78.2481735
73.5404103
67.9411845
65.5522749
64.7825346
65.4288012
61.6956921
62.0652375
58.199022
46.1388816
4.6867464
0.3896865
-0.1541232
-0.5639508
-0.0919485
0
1.3949901
30.9200913
58.3426368
72.94581
81.1090854
80.555643
78.0327513
72.7102467
58.1692482
42.672861
36.0280494
30.6223533
31.8185595
30.0233745
32.716152
29.2702725
21.2541147
2.2698144
0
-0.4956462
-3.9721752
-5.1587487
-4.5807867
-3.6113868
-0.4229631
5.1482403
55.1261907
71.5718367
77.4013716
77.5975284
77.3602137
76.7612349
73.0675323
71.5201704
71.2627146
71.2828557
71.4579957
72.665586
71.3966967
79.3611882
90.9791001
83.0960487
80.424288
73.7488269
67.0111911
64.8657261
68.0016078
69.1268823
69.7460022
72.7785513
73.6043364
77.0502159
75.9048003
74.7909099
73.3258638
72.5105871
70.7031423
65.8622727
65.6556075
62.2491345
61.8673293
61.8673293
70.6304592
73.7584596
76.7305854
72.3231873
62.2289934
46.4366196
28.3017483
20.7462087
5.9039694
4.4695728
13.2221943
55.6743789
63.2404269
69.0305553
69.6400425
70.826616
70.9509654
65.8727811
66.6293859
66.3500376
67.1985909
67.8614958
68.9070816
68.6277333
70.3765062
79.1133651
89.0910909
78.2639361
75.9249414
77.5703817
79.3200303
71.4431088
75.3557364
69.1242552
69.7967928
71.4326004
71.4326004
70.397523
70.4080314
70.397523
69.4552698
68.2336683
66.1495023
61.8927246
58.6929168
52.1987256
50.4376929
52.1987256
68.4385821
70.4369295
70.7171535
63.8087562
60.9093135
47.9936142
34.9439328
14.0129514
7.0327467
6.9907131
11.9209041
42.4635687
59.1482808
61.4268522
63.715932
63.8709309
63.9952803
61.4373606
60.9758667
60.5625363
60.33573
60.2840637
60.3873963
60.4285542
63.9374841
69.5314557
69.8204367
61.9873002
56.2593465
33.1610076
21.0238056
1.0324503
0
1.0219419
23.2428294
52.3265778
59.1079986
60.738552
60.2639226
59.871609
58.6946682
57.0536064
58.0072437
57.5203545
57.1578147
57.0536064
56.7742581
54.6506856
52.7031288
54.1637964
57.1989726
53.7084324
21.9599289
1.5534918
0
-2.3924124
-2.0202399
1.0359531
13.9113702
54.0193059
58.4836245
58.1937678
57.9345606
57.8207196
57.5930376
57.4581798
52.6987503
52.0314669
50.6032002
50.3737668
49.7064834
48.6740331
50.7704589
52.8344838
39.310173
1.8661167
-3.2111919
-10.4900103
-10.4584851
-10.33326
-10.4269599
-5.1193422
-5.2550757
1.8976419
44.8367157
62.7929442
71.4781368
70.9150617
66.0356613
60.3523683
59.7787848
54.5762511
52.4596842
49.1223915
55.0867842
59.9040099
63.2929689
61.1974188
31.1985639
4.2024843
3.6394092
2.3985423
2.1901257
1.9501839
1.6997337
1.7514
1.6060338
2.3249835
36.2662398
57.3390846
70.7486787
68.1837534
65.5978113
62.0941356
58.7367018
56.859201
56.3066343
56.2339512
56.4423678
56.2654764
74.951163
89.8511985
63.7203105
64.1581605
64.4926779
65.6494776
65.3053275
59.81031
58.8925764
62.5635108
62.0310852
62.0310852
61.2595935
60.7700772
58.1210847
56.0877093
56.0772009
55.326726
60.6973941
59.6763279
59.2174611
58.7174364
58.654386
59.2174611
60.8427603
62.7500349
65.9069334
66.7616166
58.9985361
48.9743982
15.5988441
0.5832162
-0.8441748
1.9484325
34.2608868
54.0490797
60.3637524
61.228944
62.4269016
61.2595935
59.2901442
59.5195776
55.405539
54.5631156
54.3844728
54.3214224
54.5526072
55.2163878
55.6481079
62.0915085
62.7342723
62.4601782
62.1440505
57.5221059
42.8436225
10.1607471
3.2637339
28.9453878
53.5000158
62.8078311
66.2300667
66.0820734
67.3562169
65.8193634
62.7657975
61.8287985
60.7762071
59.5519785
58.9766436
58.8409101
58.8409101
59.792796
61.4452419
60.7236651
60.7446819
60.7551903
60.4828476
60.5669148
55.4414427
47.5951707
39.7812996
52.6164345
57.6692235
57.7839402
57.5019648
59.5519785
58.8304017
57.9511989
55.9957608
58.6211094
58.0098708
57.0448494
56.8171674
56.7655011
56.6823096
56.7856422
56.7444843
57.1797072
59.7621465
55.0018413
47.1091572
9.2412621
3.6613017
2.3022153
1.9396755
1.6909767
28.0250271
50.8737915
57.200724
57.9993624
57.1797072
56.8793421
56.7751338
56.7234675
55.6323453
55.1979981
54.9703161
55.0018413
54.9081414
54.9703161
54.9186498
54.9396666
51.0428016
36.1471446
8.4969171
27.9295758
27.9295758
18.853821
4.6517184
3.1008537
34.4622978
49.9262841
54.8774919
55.4869791
56.6761797
56.5623387
55.9423431
55.6840116
53.6059755
52.7898231
52.7582979
52.6138074
52.5726495
52.9238052
51.7039551
53.6681502
53.3581524
53.5341681
53.5648176
53.4308355
53.1821367
53.6786586
53.5954671
53.0998209
52.9036641
52.5621411
52.3764927
52.2626517
52.314318
52.1076528
51.6522888
51.0217848
51.8440671
50.9736213
50.6828889
50.7354309
50.7354309
51.7092093
52.8283539
53.6786586
52.9115454
52.9430706
52.9947369
52.7460381
52.8388623
52.8493707
52.7766876
52.6111803
52.4553057
52.2486405
52.1549406
51.9684165
52.1960985
52.0200828
52.4036394
51.8545755
58.1473557
57.3679827
55.8197451
55.5701706
56.0377944
55.5079959
60.2148834
84.1249962
84.1355046
84.1355046
72.7049925
67.4061318
67.2292404
67.0216995
66.8237913
56.5159266
54.0324414
53.9597583
54.5420988
54.6664482
56.3915772
55.4974875
58.2305472
55.6016958
60.0082182
59.5011879
59.0983659
58.9022091
58.8505428
58.6438776
59.3566974
61.1965431
60.9898779
60.9277032
60.1632171
60.2455329
60.2253918
60.4005318
60.6387222
60.4837233
60.1316919
59.8943772
59.6772036
59.4705384
60.1833582
59.7078531
59.4810468
58.8917007
58.1998977
56.4686388
55.107801
54.6953463
54.4273821
58.0965651
59.3750871
60.5187513
60.0651387
60.0861555
59.5502271
59.3435619
59.241105
58.9214745
58.7568429
58.5501777
60.4154187
60.4986102
60.4154187
60.3024534
60.7867155
60.467085
60.7867155
59.8383324
62.0232039
61.5152979
61.2298197
61.1080974
61.0065162
61.1790291
61.412841
61.5450717
61.7692509
58.5046413
32.7967164
13.1284944
4.6368315
13.5453276
8.7149664
10.5250383
13.8815964
47.6135604
60.9863751
61.7999004
61.9522722
61.7386014
62.0739945
61.9627806
61.6720482
58.7673513
53.5149027
50.5296414
52.5437514
49.7204946
50.5699236
47.2816701
29.7028683
16.6067748
0.0105084
-1.7006094
-3.5019243
-5.1210936
-5.1508674
-5.3032392
-0.0910728
48.5461809
62.5022118
65.0321091
65.3762592
65.2343958
65.6801271
65.2343958
62.9873496
61.2981243
60.6194568
60.4881018
60.659739
62.4820707
64.6476768
71.5998591
71.8126542
67.8658743
67.8457332
65.1836052
63.4435893
61.7429799
64.5863778
66.6819279
66.1249827
64.7685234
63.8989533
63.7570899
64.0600821
63.8779365
65.1836052
64.2632445
64.3893453
63.829773
63.4847472
63.2912175
63.2001447
63.4637304
64.9585503
69.197814
71.0884503
71.1497493
71.1795231
71.1392409
59.9469192
52.6681008
50.8790457
62.5389912
65.2326444
64.6327899
67.0120668
66.8290455
66.6048663
66.5645841
66.229191
65.1722211
71.4072051
70.765317
69.4815408
69.2170794
69.0944814
70.2258858
71.2548333
71.5499442
75.2173758
73.0272501
71.3669229
70.5411378
71.2241838
71.5403115
71.4072051
71.325765
72.7321392
75.4520634
73.628856
73.3328694
71.3564145
69.8081769
69.9202665
76.7559807
77.1150177
75.0991563
74.136762
73.8267642
73.6962849
74.0369322
78.5283975
84.2125662
84.0523131
84.2221989
85.0147074
85.4954667
85.6758609
85.4052696
85.4753256
84.6232695
84.2125662
81.9970452
80.4234123
81.4357215
83.4007923
81.8464248
83.3307363
80.2325097
79.3174032
78.4425789
77.7280077
77.2752708
76.9635216
78.1807446
79.9312689
85.5839124
87.0918678
87.2836461
86.3781723
86.5287927
85.6241946
84.2756166
83.5312716
83.471724
83.4314418
81.8823285
81.8219052
80.4234123
80.4636945
80.3130741
80.5241178
80.0013249
82.5583689
80.6309532
79.8340662
79.2289575
78.7849776
79.3603125
79.9855623
80.2780461
80.2780461
81.781623
81.8122725
72.9624483
61.8734592
50.4517041
41.0475618
67.9079079
78.4320705
82.6695828
82.4778045
82.7203734
83.7896031
82.8613611
82.9419255
82.6695828
80.9427024
80.2622835
80.1510696
79.714971
79.07571
79.07571
79.8568344
80.2421424
80.2220013
77.7367647
66.4139637
56.1665223
47.9489535
30.7615896
26.165916
51.3571779
78.6089619
82.1905749
81.1660059
81.1554975
81.9059724
81.1660059
82.4436522
81.1660059
80.8411212
80.6686083
80.0398557
79.6440393
79.4513853
80.1913518
82.3727205
89.2110618
92.5588629
101.4980085
97.7132331
91.2601998
88.8564033
87.5673729
86.624244
86.2082865
85.5690255
86.4412227
86.3098677
85.7616795
85.2949314
83.1030543
82.7685369
81.2264292
80.2526508
78.9391008
78.3392463
78.2884557
78.1255755
78.4609686
80.7001335
79.3979676
79.9067493
80.3034414
80.4356721
80.5880439
80.4969711
80.5784112
80.5880439
80.0696295
79.8559587
79.4487582
78.7464468
79.0616988
79.4890404
79.0616988
79.2753696
81.9725256
80.2719162
78.4933695
76.0703076
75.6622314
75.6412146
77.1850737
80.5784112
81.8560575
82.2037104
82.4594148
82.4392737
82.4287653
82.6941024
82.5102054
82.1012535
82.1117619
82.131903
81.8464248
81.7947585
81.8052669
81.8157753
81.764109
81.4681224
80.3437236
77.0659785
73.4370777
71.4527415
70.6821255
70.0341075
71.2057941
78.103683
79.5529665
82.3079187
80.5503888
80.7150204
80.6020551
80.6738625
80.2114929
80.0258445
79.9128792
79.9233876
79.1212464
79.0905969
79.3270359
79.7386149
79.2140706
79.110738
78.3094725
64.4453901
63.3805389
62.8122096
61.9189956
61.3506663
63.3595221
68.9105844
72.604287
74.4511383
75.5159895
75.5571474
75.546639
75.5370063
75.4144083
75.2217543
74.7856557
74.1971853
73.4055525
72.9694539
72.6752187
71.5587012
68.9920245
68.961375
65.4296769
55.8267507
52.9877313
51.9342642
51.5419506
49.2607521
48.4244586
49.240611
52.0787547
54.7426341
61.1527581
58.6342449
26.6746977
15.9692652
2.022867
0.3406473
13.6364004
52.5954177
59.63517
59.8829931
59.171049
58.0352661
57.2199894
58.0046166
56.9511495
51.0068979
47.6450856
46.8622098
46.315773
45.8823015
47.830734
55.2549186
57.5851563
55.677006
33.5612025
10.228176
0.1961568
0.9177336
1.0210662
0.989541
5.7016827
26.1886842
61.0695666
63.8227674
63.4103127
62.4207717
61.894476
60.3173403
57.997611
66.9157398
62.3480886
61.7710023
60.9977592
61.2762318
66.9779145
76.3295148
77.41188
80.2473966
82.4235111
82.4751774
82.3919859
73.1227014
62.069616
54.6463071
57.4818237
66.5549514
69.5454669
68.8133817
68.287086
67.9884723
67.0602303
66.0496725
60.3690066
63.9567495
63.4742388
62.4671838
62.025831
61.8200415
61.8095331
65.4051573
67.2852852
71.9483877
77.044086
77.1360345
79.8174279
72.6366879
66.7922661
69.9763113
77.0747355
77.0642271
76.9101039
76.3452774
71.465877
76.9722786
71.6611581
77.1360345
77.044086
73.12095
73.1621079
72.3170574
71.4203406
69.9053796
67.7205081
67.9788396
72.5850216
84.6740601
91.6927956
101.6477532
91.9607598
100.9471932
97.2885186
86.1067053
74.5334541
73.7803521
72.1217763
70.2871848
70.266168
71.781129
71.7916374
70.5656574
69.276627
72.9974763
72.9773352
72.7286364
72.542988
72.4703049
70.0507458
72.4597965
74.031678
76.3373961
80.0696295
79.7289822
83.2028841
89.4895344
94.3803189
92.4152481
75.6447174
75.1998618
74.9205135
74.3110263
74.1043611
74.3416758
74.2488516
74.0106612
73.5456645
71.0061345
70.6558545
70.1829765
68.39217
66.9104856
65.038239
67.6311867
65.9025549
67.6311867
71.036784
71.211924
71.1497493
70.388766
70.2959418
70.1111691
70.0595028
71.684802
70.8931692
71.1401166
70.2346428
66.4682571
62.4759408
63.8963262
62.4452913
67.9298004
64.1984427
63.7483329
63.5749443
62.1230337
53.2399329
53.8739397
56.3477922
66.4376076
64.3315491
46.7895267
25.9653807
17.7162867
4.6718595
0.0718074
1.0123092
12.9524787
55.151586
67.8072024
68.7888621
68.1242058
67.6329381
68.3799102
68.2056459
25.115076
3.2453442
0.0105084
0
-0.0306495
-0.0507906
-0.061299
-0.5324256
-3.1122378
-5.1499917
-4.3408449
-3.1428873
-2.5596711
-4.3101954
-6.777918
-6.234984
-4.3925112
-1.0955007
0
5.0886927
29.1485502
28.9541448
21.8382066
17.2311489
22.0124709
20.4458436
18.1628937
10.166877
10.1458602
18.398457
52.4001366
56.6183835
59.0344398
58.1333445
21.5623611
17.7635745
16.8931287
15.0918138
11.3543262
10.228176
17.5175028
30.9402324
53.7513417
57.9494475
64.0005345
66.7441026
66.5286804
66.0172716
61.447869
56.7926478
56.1875391
56.0237832
55.808361
56.3416623
61.509168
66.5742168
66.5540757
63.5600574
53.2758366
24.1666929
24.8024511
24.4644309
24.361974
48.4157016
52.5376215
55.1218122
56.4546276
64.5951348
64.8412065
64.2877641
64.2772557
62.7911928
55.8127395
54.8179443
52.6847391
52.6751064
52.3799955
52.3598544
55.6603677
56.797902
61.0424199
63.2973474
63.0836766
50.2888239
46.5408279
45.6984045
43.8095196
42.0931476
39.8285874
48.33864
59.8444623
66.1713948
63.4698603
56.8285515
52.7556708
52.3292049
49.0987476
46.1651526
41.8558329
37.6796196
42.1308027
47.6625996
56.1682737
63.1257102
65.4787161
64.6021404
63.8586711
61.4443662
57.5939133
57.9914811
56.8714608
56.0255346
52.8677604
62.4225231
65.1223062
65.4069087
64.8876186
62.4838221
60.7516875
56.0255346
56.1822849
54.7242444
51.8992362
50.5532853
51.3895788
55.335483
61.2088029
66.0724407
66.4901496
67.0514733
66.8675763
66.9183669
67.2861609
66.2458293
64.6651908
65.7055224
65.5119927
65.5321338
67.1127723
67.183704
66.0216501
64.950669
60.6781287
56.6814339
55.1480832
52.5525084
49.0032963
47.8342368
47.2282524
44.3358153
48.7467162
55.0657674
56.8609524
56.6866881
57.1788315
52.3265778
36.6112656
23.039667
23.0090175
44.3358153
59.1692976
59.4976851
61.5494502
62.0415936
60.2971992
58.3689078
57.0562335
56.6971965
52.9956126
52.9150482
51.7591242
51.0699483
50.8159953
51.2424612
55.4694651
56.7059535
58.5309123
60.5073672
59.5440972
52.1952228
46.315773
37.4965983
45.4637169
55.9055637
64.2684987
60.8217435
60.7805856
60.7805856
60.791094
60.8418846
59.2805115
57.5475012
57.4056378
57.0711204
55.965987
56.0474271
56.1787821
57.7804374
60.6387222
60.791094
61.3585476
62.8183395
62.8288479
62.8087068
62.8384806
63.7816095
62.9505702
62.656335
62.8892712
60.7805856
60.7508118
60.7508118
60.7805856
58.9363614
56.0264103
51.9622866
55.0867842
52.1864658
51.4263582
50.4622125
51.648786
55.0263609
56.6586657
59.3969796
60.1273134
60.8068566
60.6036942
60.8068566
56.7602469
48.2011551
48.0592917
58.6972953
60.0055911
59.9145183
60.8068566
60.6238353
58.7787354
55.9283319
55.1480832
53.636625
46.788651
44.8612353
41.0370534
40.7060388
40.6053333
45.2228994
47.6827407
50.7039057
52.1593191
53.9466228
54.5491044
50.9648643
38.1463677
18.3502935
19.9764684
27.9470898
45.0425052
43.9881624
50.2520445
51.245964
49.7809179
49.3588305
48.9069693
48.1144608
40.9118283
40.3452504
39.6087867
38.8530576
39.7383903
40.5142605
40.991517
44.1545454
47.2378851
47.9148012
48.1337262
47.3377149
49.1276457
46.2535983
46.2535983
46.5022971
44.8305858
46.6809399
47.7055089
47.7650565
47.3876298
46.9996947
44.6817168
42.8515038
37.2119958
36.472905
35.8222599
36.1471446
36.945783
39.9126546
43.3532799
43.2639585
43.846299
43.9837839
44.2797705
43.5993516
44.2105902
43.2052866
42.4267893
41.7954096
41.9039964
44.3095443
44.2894032
43.8165252
44.319177
43.0178868
42.1605765
39.459042
36.6638076
35.9080785
28.6222545
19.5885333
16.6724523
13.441995
19.5394941
22.1911137
29.3289444
17.0945397
4.6053063
0.0192654
-0.0192654
-0.1374849
-1.0306989
-0.0980784
1.7382645
20.5211538
34.8668712
35.141841
32.9035518
30.1144473
20.3740362
15.9263559
13.6311462
12.2501673
2.5649253
0.0691803
0
-0.4238388
-2.110437
-1.1243988
-2.1305781
-9.9426978
-19.6480809
-25.1912619
-39.0010509
-50.8764186
-60.9960078
-47.6512155
-9.9619632
-1.1051334
9.9225567
25.5564288
17.6260896
12.2606757
8.7587514
6.2235999
26.0993628
22.1236848
10.7509689
9.0451053
9.0451053
8.0783325
28.9988055
29.5610049
32.707395
31.5733635
29.195838
13.2563466
0.8975925
0.6016059
0.2662128
3.7777698
6.1841934
13.1083533
15.9692652
21.5325873
28.2982455
29.7781785
28.8709533
28.4760126
21.0492009
19.5990417
19.2443832
18.8792163
18.6226362
15.2100333
17.7548175
19.8363564
20.368782
20.2698279
20.289969
20.4178212
20.8618011
21.0588336
21.0395682
20.7138078
20.7041751
21.2567418
24.1666929
24.659712
22.3417341
20.9607552
21.226968
20.211156
18.1637694
17.9264547
16.8064344
17.6383494
19.1550618
20.2847148
19.8687573
19.3337046
20.2347999
20.6113509
20.9686365
20.9984103
21.0176757
20.9187216
20.780361
20.6708985
20.6910396
20.5719444
20.6411247
20.6113509
19.8486162
19.0955142
19.3827438
18.6392745
16.515702
16.9412922
16.6540626
16.5060693
16.3966068
15.5655675
15.298479
14.991984
15.3483939
15.8720625
16.060338
16.0507053
16.0997445
16.0112988
15.9316101
15.9316101
15.7932495
15.7039281
15.604974
15.4867545
15.3676593
15.0909381
14.9324364
14.8536234
13.0277889
13.1355
12.9892581
12.881547
12.793977
12.373641
12.7353051
12.3438672
12.6179613
12.8911797
12.9988908
13.0181562
12.9402189
12.9008124
12.8526489
12.793977
12.7738359
12.7545705
12.793977
12.7738359
12.7545705
12.5785548
12.5295156
12.3149691
14.5050948
14.6714778
14.1434307
13.722219
13.5076725
12.7834686
12.7931013
11.7667809
12.2851953
12.9104451
13.3701876
13.6442817
14.1434307
14.2607745
14.6522124
14.5935405
14.1434307
13.8789693
13.6740555
13.5567117
13.4288595
13.2038046
13.0575627
12.9892581
20.2523139
19.8994068
19.5464997
19.5070932
14.9876055
10.8709398
4.9801059
2.8232568
3.3521796
0.1961568
3.4213599
4.518612
3.9599154
3.9896892
7.9207065
4.8522537
12.067146
13.5663444
21.7024731
19.5464997
18.6839352
18.6445287
18.6637941
17.3012049
21.183183
20.9283543
21.1735503
21.3600744
21.3005268
22.2419043
25.7709753
25.859421
26.6528052
27.3682521
27.8586441
27.4076586
26.8980012
26.4671568
26.0844759
26.3787111
26.0161713
25.5555531
25.2805833
24.2805339
23.3689302
22.2226389
22.0168494
18.722466
25.9102116
24.4512954
23.4127152
21.5430957
21.0141729
21.866229
25.9198443
27.172971
26.507439
27.006588
26.7324939
26.2429776
24.6080457
24.3926235
23.7358485
23.7656223
24.1964667
25.0774209
25.763094
27.418167
27.6134481
27.339354
26.5564782
24.4609281
25.5870783
25.4601018
24.572142
24.3286974
24.4355328
25.8602967
28.1922858
27.9295758
28.3192623
28.495278
28.6809264
28.5346845
28.9147383
28.9637775
28.836801
28.7781291
28.749231
28.6905591
28.7781291
28.6222545
28.7001918
28.4760126
28.3779342
28.0364112
29.8289691
29.2895379
28.8385524
28.6625367
28.8000216
29.8578672
31.8570903
29.3289444
29.476062
29.9857194
30.710799
30.7502055
29.8972737
30.6617598
30.38679
29.975211
29.642445
29.6030385
29.476062
29.5347339
30.1223286
30.1521024
29.9655783
29.4856947
31.6153971
30.0417642
29.4646779
29.4454125
30.1004361
30.4323264
29.318436
28.2527091
28.6047405
29.2693968
29.318436
29.3079276
29.2982949
29.1713184
29.1126465
28.819287
28.98567
29.4349041
29.5627563
30.0513969
30.2072715
30.8728035
30.0899277
27.7535601
22.3137117
19.6051716
19.536867
15.1215876
15.0033681
10.5390495
10.666026
14.7187656
18.5946138
20.3320026
21.0185514
21.734874
21.8522178
23.3146368
17.8590258
19.3013037
26.3471859
28.1817774
28.4173407
28.5942321
27.3183372
26.4347559
25.5222765
23.9915529
24.5695149
24.2551386
24.0484734
24.5003346
24.4618038
24.0782472
25.5336606
26.2517346
26.7929172
10.4357169
0.0586719
-0.1471176
-0.7373394
0
0.0096327
0.0490392
2.5771851
16.051581
26.910261
32.1040377
31.9858182
31.8089268
30.7563354
28.5233004
29.5067115
29.1336633
29.0154438
28.8875916
27.7465545
31.0707117
31.9271463
32.1828507
33.6382641
34.8773796
34.9264188
34.9465599
34.6216752
34.2967905
32.2021161
33.933375
34.1689383
34.3467054
34.4544165
34.4351511
34.1198991
32.3597421
30.2843331
27.6773742
25.9627536
25.2578151
24.9355575
24.7490334
24.6413223
24.896151
27.969858
31.70034
33.2766
33.7950144
33.2564589
32.9333256
32.6890053
31.8859884
32.2283871
31.4358786
31.4945505
32.2774263
34.0104366
33.5209203
31.6416681
31.9253949
29.3017977
27.715905
30.2212827
29.3482098
29.1319119
29.0242008
28.9462635
29.3578425
30.21165
29.2895379
29.1222792
29.2693968
29.3674752
29.5049601
29.9857194
30.21165
25.1877591
21.5080677
27.93483
29.1809511
29.07324
28.9462635
28.828044
28.9164897
29.07324
28.7395983
23.5799739
9.5740281
3.4651449
5.6508921
7.2516717
23.8041531
26.3419317
22.4284284
25.5905811
26.7911658
28.3429062
29.4357798
25.8541668
21.2471091
17.5481523
17.8213707
25.3173627
30.3044742
29.3674752
28.9086084
29.3674752
28.4015781
26.9470404
25.5415419
21.9091383
21.1595391
20.0640384
19.7680518
18.958905
15.7809897
18.9483966
20.6560116
23.2314453
24.475815
24.86988
24.4653066
24.0309594
22.6298394
20.2610709
19.9160451
20.0044908
23.1920388
24.5152215
24.2087265
22.9748652
20.6463789
17.8634043
16.7968017
22.8855438
19.4186475
18.0770751
16.9999641
16.5787524
16.3825956
16.7162373
14.825601
15.7950009
16.892253
16.8826203
16.9316595
17.6654961
17.4500739
17.8222464
17.1759798
17.3423628
17.6760045
18.0674424
18.2924973
17.7732072
17.6558634
17.3625039
16.7845419
18.5271849
16.8510951
15.5743245
15.3300042
14.9210523
15.0375204
14.5313658
13.9752963
15.5839572
15.8860737
17.7670773
19.1217852
19.9011582
12.1433319
11.6564427
8.8594569
13.9367655
21.5483499
20.5447977
21.3627015
21.4607799
21.3049053
20.5342893
19.4922063
21.226968
20.710305
20.4957585
6.8322114
3.4598907
0.0972027
19.335456
16.5586113
19.1506833
20.6708985
9.9602118
1.0035522
0.0586719
0
-0.0096327
-0.0096327
-0.1655073
-0.0394065
0.7601076
4.4634429
1.3739733
0.691803
0.08757
-0.0683046
-4.1867217
-5.8978395
-6.0642225
-5.7910041
-3.6586746
-2.2689387
-1.1445399
-0.0096327
-0.5674536
-2.5728066
-5.1254721
-5.937246
-5.9276133
-5.937246
-5.9468787
-6.2507466
-5.3312616
-2.6218458
-1.007055
-1.1147661
-1.7610327
-1.7706654
-2.4449544
-1.9755792
0.4833864
-1.1051334
-1.1340315
-1.1541726
-1.1638053
-1.1541726
-0.0297738
0.0989541
1.558746
2.1402108
1.3713462
1.4597919
0.9571401
1.3214313
2.574558
2.1796173
4.0142088
9.7947045
14.825601
17.1041724
17.2118835
16.936038
14.6776077
14.0164542
11.5995222
6.0939963
5.69205
5.3286345
5.9276133
7.8121197
13.0820823
16.9088913
20.9423655
22.8759111
22.689387
22.4932302
17.9098164
17.6742531
16.506945
16.6242888
17.2915722
18.1847862
18.3905757
17.9789967
17.6348466
16.6444299
13.7388573
9.7745634
14.1819615
13.0339188
11.2667562
10.4225814
11.0022948
13.1319972
16.8905016
19.1970954
22.8872952
23.2016715
23.1429996
19.6874874
19.099017
17.6663718
18.1961703
18.2644749
18.6576642
19.5403698
22.4258013
22.9459671
19.1970954
17.960607
16.4298834
13.818546
13.2686064
11.4305121
10.2115377
8.6230179
7.4732238
4.9958685
5.3356401
8.0433045
10.5311682
12.8386377
14.2677801
14.9876055
15.4166985
15.2573211
5.9950422
6.9145272
15.2573211
17.4054132
17.9247033
17.8651557
17.0752743
16.086609
14.6670993
13.3088886
10.1765097
10.6073541
10.7378334
11.2693833
11.8412154
9.3244536
10.517157
13.2747363
15.9316101
17.0542575
15.841413
14.0260869
6.0256917
1.1025063
1.5140853
6.9381711
17.3248488
19.3503429
19.5211044
19.5412455
18.7084548
18.2276955
17.2346517
14.1968484
15.5103984
14.6382012
14.2774128
14.2073568
14.597919
16.121637
18.3073842
23.591358
30.0785436
25.9172172
24.7341465
24.4539225
24.2332461
23.1500052
22.4582022
21.6359199
23.0300343
24.4740636
28.0530495
24.7341465
24.6439494
22.0571316
18.3879486
16.4430189
17.0419977
16.0016661
14.8912785
15.1811352
15.3116145
17.3519955
19.1717001
22.8618999
26.262243
27.9427113
25.9723863
24.5922831
23.8523166
22.8925494
22.9827465
23.162265
24.3523413
24.9022809
23.9827959
22.8618999
22.952097
21.9818214
18.9921816
17.5621635
15.3186201
15.0778026
13.8518226
13.6407789
13.3693119
12.2930766
15.298479
17.1488331
18.2644749
19.3801167
19.1787057
18.6156306
18.1839105
18.0937134
18.083205
17.9220762
18.0026406
18.0534312
18.2338254
18.0534312
21.0185514
17.0682687
13.9218786
7.2472932
6.9425496
5.7664845
5.1534945
5.0230152
5.0335236
7.0826616
12.3070878
16.4762955
18.5657157
18.9273798
19.4598054
19.0184526
18.6366474
18.4553775
18.6769296
18.6865623
19.0683675
24.5239785
27.0757683
25.0861779
26.130888
23.8707063
20.0727954
17.7521904
18.2417067
17.7075297
17.2136349
16.296777
16.5489786
18.2014245
18.7960248
26.6169015
31.5856233
33.0778161
31.0619547
29.9331774
28.7641179
27.0705141
25.377786
22.3434855
20.1165804
19.8144639
19.6121772
18.7758837
18.0805779
16.7503896
15.7328262
14.5024677
15.5498049
14.9841027
14.6907432
14.5392471
14.317695
10.1948994
12.5899389
14.4893322
15.8125149
17.0253594
17.7022755
17.9448444
16.8633549
14.5392471
12.34737
17.1768555
18.2075544
18.6217605
18.4299822
17.4491982
16.489431
15.5296638
14.519106
14.2870455
14.5059705
14.151312
13.9998159
13.9796748
14.0707476
12.9980151
13.7467386
14.0602392
16.5200805
17.4010347
19.3039308
19.5473754
19.0000629
13.4122212
14.0094486
19.4256531
19.860876
20.2050261
20.2453083
20.31624
20.5386678
20.1542355
19.4764437
18.5552073
17.5936887
16.3283022
16.095366
15.902712
16.1461566
18.2714805
18.7977762
21.4905537
22.2497856
21.4800453
21.7331226
21.6726993
21.3889725
21.2978997
20.8933263
21.4800453
21.5106948
21.3084081
20.8022535
20.7418302
20.6297406
20.640249
20.1542355
18.7881435
18.9536508
18.3975813
17.619084
17.5989429
18.2259441
18.6200091
19.5999174
20.2873419
21.0562065
20.9949075
21.7024731
21.0859803
21.0360654
21.0658392
20.9747664
20.7724797
20.9449926
20.7934965
20.438838
20.4090642
20.3985558
20.4292053
20.5404192
19.7014986
19.9081638
19.5246072
19.3424616
19.2417561
19.1708244
18.5149251
19.1007684
20.6157294
21.0299355
20.7567171
20.9082132
20.3530194
20.6455032
20.3328783
20.2925961
19.6253127
19.5246072
19.4037606
19.2724056
19.2119823
19.2119823
19.2321234
19.1506833
16.1610435
20.1244617
19.0193283
18.7154604
18.5429475
18.512298
18.3502935
18.7154604
21.340809
21.9590532
21.8784888
21.7462581
21.8986299
21.9091383
21.8679804
21.8478393
20.1349701
20.1244617
19.2522645
18.2688534
18.6953193
19.2627729
19.0806273
18.8573238
15.8160177
20.0920608
19.8994068
16.2048285
13.3605549
12.8544003
6.3768474
19.8897741
17.5008645
20.1122019
21.9240252
20.0614113
16.5489786
14.1302952
13.1889177
13.0365459
17.4807234
20.4160698
20.6279892
20.4362109
17.0349921
15.3448911
15.3545238
19.4344101
12.662622
19.5648894
19.4344101
18.3940785
17.5358925
17.0919126
12.4682166
8.5809843
13.3360353
5.0475348
9.641457
14.1136569
15.1031979
15.0926895
15.0926895
14.0733747
13.0234104
14.133798
15.0926895
15.0926895
14.002443
13.9420197
13.4376165
14.6390769
10.8026352
14.2861698
12.9726198
12.0049713
10.5189084
10.4882589
8.2070604
6.5983995
10.569699
13.2064317
14.2555203
14.7546693
14.8159683
12.5654193
14.6119302
14.8667589
15.1925193
17.5446495
19.6113015
19.6016688
19.641951
19.7233911
19.5911604
21.9432906
19.3669812
23.267349
17.8599015
17.6155812
17.6260896
17.8502688
17.8599015
21.8925
18.8984817
20.8337787
23.2769817
28.1546307
28.1651391
28.1651391
28.1651391
28.1344896
28.1344896
28.1344896
28.1344896
27.0451188
28.2054213
28.7247114
28.8779589
40.6692594
28.0530495
16.3799685
15.3046089
14.6653479
14.7362796
15.4464723
17.1908667
24.8987781
24.939936
25.0003593
24.9092865
24.8690043
24.3610983
23.1850332
23.1850332
23.1850332
22.9415886
23.1745248
22.2725538
24.6553335
24.4530468
24.3821151
24.4425384
26.6133987
24.7262652
20.3836689
17.8021053
17.0017155
16.9001343
17.0017155
17.8021053
21.2847642
22.1963679
21.5387172
22.3785135
22.2068763
22.2068763
22.2068763
22.1963679
22.0343634
21.2847642
21.2847642
21.244482
22.0343634
22.0247307
22.3986546
22.409163
33.5375586
22.5711675
20.2164102
15.1426044
14.6469582
14.4849537
14.4954621
14.475321
20.3477652
20.2067775
20.2164102
19.5394941
18.9527751
17.7802128
15.85017
17.7705801
17.7705801
15.3037332
15.4455966
15.2941005
17.7705801
17.7705801
17.7802128
17.7705801
21.7226142
20.1656196
8.2508454
7.1343279
5.6123613
3.2068134
3.0955995
1.1567997
10.0171323
10.0679229
8.5757301
10.2702096
10.280718
10.2702096
10.0775556
10.0679229
9.2762901
9.6721065
9.1440594
9.7123887
10.280718
10.0679229
9.2254995
7.1246952
10.0171323
7.1246952
2.1349566
2.0237427
1.1681838
1.007055
0.8958411
0.0201411
0.0201411
0.0297738
0.6646563
1.2583809
2.1445893
2.2654359
2.1445893
1.882755
1.6515702
1.6209207
2.01411
2.0237427
2.1445893
2.1445893
2.1148155
2.0342511
2.1349566
1.9834605
2.0824146
2.0421324
1.1060091
0.9755298
0.9054738
0.0297738
0.0402822
0.0096327
0.0096327
0.3222576
0.9860382
1.0464615
1.0666026
1.1060091
1.1664324
1.1462913
1.1664324
1.2671379
1.2671379
1.2268557
1.2575052
1.1462913
2.1323295
0.8546832
-0.1909026
-1.217223
-1.6699599
-1.8100719
-1.6191693
-2.0421324
-2.6752635
-1.8100719
-0.0201411
-0.2916081
-0.8047683
-1.2776463
-1.3783518
-1.8100719
-1.8100719
-1.0263204
-0.7539777
-0.7242039
-1.5788871
-1.8205803
-1.8100719
-1.8100719
-1.8205803
-2.5246431
-2.4659712
-2.0333754
-1.7811738
-0.6541479
-0.0805644
-0.0096327
1.0867437
1.4090013
2.022867
2.0430081
2.022867
1.9020204
1.6506945
1.5394806
1.5596217
1.7111178
2.0736576
2.0535165
2.0535165
2.0430081
2.0631492
1.7610327
0.2311848
-0.1611288
0.5963517
0.2224278
0
0
0.7478478
2.0202399
2.7978615
3.7068381
4.0606209
4.0606209
4.938948
4.6963791
4.2926814
4.3837542
4.3933869
4.4844597
4.5851652
4.3023141
4.1919759
4.1613264
4.1105358
4.0903947
4.0606209
3.029922
3.6420363
3.4511337
3.310146
3.1892994
3.2094405
3.2094405
4.054491
4.7489211
4.7795706
5.0308965
4.7795706
4.7892033
4.9906143
4.9406994
4.9100499
4.9608405
5.0308965
4.8496266
4.7795706
4.9503321
5.0414049
5.0711787
4.9608405
4.4476803
3.5824887
3.371445
3.2199489
3.1498929
3.1498929
3.2199489
3.8942379
4.1963544
4.7804463
4.6998819
4.6595997
4.860135
4.9004172
4.4984709
4.2366366
4.0054518
3.9949434
4.0150845
3.914379
3.914379
3.914379
3.8136735
3.8040408
3.5325738
3.0106566
2.7812232
2.3810283
2.180493
2.1008043
0.9702756
0.9405018
1.4808087
2.0307483
3.0509388
3.4108515
3.5912457
3.4809075
3.3705693
3.2908806
3.2812479
3.3907104
3.4406253
3.3609366
3.3407955
3.1008537
1.9309185
0.8704458
0.7399665
1.0622241
0.6716619
0.4912677
0.4509855
0.5411826
0.4212117
2.2444191
1.3827303
1.6629543
2.1945042
2.916081
2.986137
3.5273196
1.7137449
3.6569232
3.7278549
3.9984462
3.818052
3.888108
3.958164
4.0886433
4.0378527
4.1280498
3.5168112
3.1463901
3.1061079
2.9957697
2.9659959
2.9659959
3.0859668
3.3469254
3.6972054
4.5089793
4.4590644
4.2883029
4.1385582
4.0378527
3.9783051
4.0378527
4.0378527
4.0483611
4.0483611
3.888108
3.8373174
3.0264192
3.0964752
3.0763341
2.7356868
0.0998298
-0.0096327
-0.0604233
-0.070056
0.0402822
0.9116037
2.9642445
3.3845805
3.5343252
3.5343252
3.5343252
3.5343252
3.5343252
3.5448336
3.5448336
3.5448336
3.6648045
3.6350307
3.6245223
3.7444932
3.7550016
3.6350307
3.5448336
3.2646096
2.6866476
2.5263945
2.4265647
2.3757741
2.3862825
2.5465356
2.4265647
2.8171269
2.907324
2.9370978
2.907324
2.8267596
2.9878884
2.97738
2.8171269
2.837268
3.9100005
3.8294361
3.6796914
3.8600856
3.9599154
3.9397743
3.6796914
3.459015
2.5036263
2.4326946
2.3521302
2.3424975
2.4125535
2.443203
3.056193
3.0964752
3.9809322
3.9108762
3.1061079
3.056193
3.0456846
2.9659959
2.9353464
2.9756286
2.8854315
2.5736823
2.4931179
2.5036263
2.2216509
2.1314538
2.0009745
1.6892253
2.3162265
2.1647304
2.0342511
1.9536867
1.9536867
1.8529812
2.0438838
2.3766498
2.7085401
2.688399
2.6078346
2.5675524
2.618343
2.5474113
2.285577
1.7724168
1.7925579
1.9230372
1.8626139
1.7820495
1.7417673
1.6515702
1.5202152
1.2286071
-3.0220407
-3.0815883
-3.6928269
-3.9424014
-3.9625425
-3.9222603
-3.9126276
-3.9327687
-3.0719556
-2.5115076
-2.3013396
-2.2514247
-2.2514247
-2.2015098
-2.2312836
-1.6007796
-1.2207258
-0.5105331
-0.5105331
-1.1103876
-2.0009745
-2.4913665
-2.5115076
-3.0115323
-2.9896398
-3.0605715
-3.1008537
-3.1315032
-3.1822938
-3.2935077
-3.1209948
-3.2724909
-3.0509388
-0.0402822
0.2522016
0.26271
0.2723427
0.26271
0.26271
0.2723427
0.2522016
0.2723427
0.3336417
0.9492588
0.9597672
0.7776216
0.2522016
-2.434446
0.26271
0.2022867
0.0105084
-0.2119194
-0.3029922
0.2224278
2.171736
2.8687932
3.1516443
3.1621527
2.7172971
2.6770149
2.4852366
2.6463654
2.5053777
2.3232321
2.6770149
2.4143049
2.0911716
1.9598166
2.0508894
1.3538322
0.26271
-0.0709317
-5.070303
-5.070303
-5.0808114
-5.0808114
-5.0808114
-5.0904441
-4.0378527
-2.600829
-2.0850417
0
0
-0.0910728
-4.0483611
-5.1517431
-5.1105852
-2.7120429
-1.3258098
-2.3784012
-2.5298973
-2.5298973
-2.5298973
-2.5404057
-2.7024102
-4.0378527
-5.0746815
-5.0843142
-5.0843142
-5.0948226
-5.0843142
-5.0948226
-5.0843142
-5.0238909
-4.9836087
-3.6648045
-4.9836087
-4.9941171
-4.9941171
-5.0746815
-5.0037498
-4.9941171
-3.0307977
-3.4633935
-2.9502333
-3.4633935
-4.9836087
-5.0142582
-5.044032
-5.0746815
-3.7891539
-4.7130174
-4.8242313
-4.9748517
-4.9748517
-4.7235258
-1.7785467
1.6585758
1.7382645
1.1051334
1.0955007
1.4475321
0.9851625
0.884457
0.7233282
0.4220874
0.4623696
0.4220874
0.4623696
0.4921434
0.5122845
0.4124547
-0.1208466
-4.6131876
-3.8416959
-4.5370017
-4.8294855
-4.8391182
-4.8391182
-4.8294855
-2.5106319
-0.0105084
0.3625398
0.3835566
0.3835566
0.3730482
0.3625398
0.2618343
0.2119194
0
0.2618343
1.0482129
1.0587213
1.0079307
0.5849676
0.0604233
0
-0.2215521
-0.0096327
-0.0096327
-0.0096327
0
0.0096327
0.1304793
0.2303091
0.8818299
1.5631245
2.1445893
2.5955748
2.6962803
2.5955748
2.4554628
2.2952097
2.1945042
2.2847013
2.5456599
2.6761392
2.6262243
2.5158861
2.1349566
1.9046475
1.2531267
1.7732925
1.5228423
1.0517157
0.8415477
0.8415477
0.8310393
0.9010953
1.6830954
2.2137696
2.7540765
1.0613484
0.8511804
-0.0297738
-2.7041616
-2.574558
-0.0805644
2.6139645
2.8845558
3.1647798
3.3154002
3.4458795
3.1551471
2.4037965
1.4720517
0.2408175
-0.0096327
-0.8310393
-1.4825601
-1.672587
-0.6208713
0.0096327
1.0219419
1.3117986
1.0315746
1.0219419
0.9212364
0.1103382
0.0096327
0.0096327
0
0
0
0.0096327
0.0096327
-0.0201411
-0.7609833
-1.672587
-2.5036263
-4.492341
-4.6718595
-4.7620566
-4.7620566
-4.7620566
-4.8023388
-3.1919265
-0.0402822
0.7601076
1.1401614
0.7907571
0.5805891
0.4098276
0.1103382
0.1103382
0.0096327
0.6103629
0.8800785
1.0105578
0.9308691
1.0105578
0
-0.9405018
-2.8512792
-5.0116311
-4.8216042
-4.9617162
-5.0116311
-5.0116311
-5.0221395
-4.7611809
-1.9948446
-0.901971
-0.8923383
-0.1707615
-0.8520561
-1.2531267
-1.3634649
-1.3231827
-1.2426183
-0.9825354
-0.9422532
-0.9518859
-0.9221121
-0.9221121
-1.5534918
-2.3057181
-3.7987866
-1.4247639
-1.1261502
-1.2356127
-1.2750192
-1.2653865
-1.4046228
-1.0359531
0.0096327
1.8030663
1.733886
2.2120182
1.2653865
1.3450752
1.1856978
0.796887
0
-0.2688399
-0.6672834
3.7760184
3.8854809
2.7295569
1.6734627
0.0595476
-0.648018
-0.5946003
-0.5946003
-0.5648265
-0.3564099
0
0.0796887
0.7136955
1.9028961
4.9547106
4.5588942
3.8846052
2.3687685
1.803942
1.4764302
0.9116037
0.7925085
0.8222823
0.8327907
0.8327907
0.8625645
0.7136955
0.3073707
0.0595476
0.0297738
-1.0035522
-1.0429587
-1.0525914
-1.0718568
-1.0814895
-1.2093417
-1.0718568
-1.0324503
-1.0324503
-0.9536373
-0.8362935
-0.8555589
-0.9151065
-1.0814895
-1.7014851
-1.3179285
-1.0429587
-0.7872543
-0.4229631
-0.3835566
-0.8065197
-1.0228176
-1.1016306
-1.6524459
-1.9694493
-1.9992231
-2.0587707
-2.0684034
-2.0482623
-2.0482623
-1.979082
-1.7715411
-1.0587213
-0.4649967
-0.1190952
-0.0691803
-0.2180493
-1.8704952
-0.7224525
-0.1585017
0.0096327
0.5044032
0.9405018
1.4247639
1.366092
0.8012655
-0.1383606
-0.7714917
0.0595476
0
-0.306495
-0.4054491
-0.306495
0.0096327
0.148869
1.9195344
3.0579444
3.0675771
2.9099511
2.88981
3.1271247
2.7216756
2.8302624
2.8398951
6.7297545
6.1552953
6.3339381
6.0563412
6.0467085
3.9187575
2.434446
1.4746788
-0.5438097
-0.9492588
-0.989541
-0.9991737
-0.989541
-0.7023114
1.7216262
3.8583342
10.5653205
3.3635637
1.5333507
2.0079801
1.9887147
1.0587213
0.0691803
-0.0893214
0
3.7987866
3.7199736
3.6796914
3.4231113
2.4134292
1.4939442
0.7224525
0.0998298
0.0096327
-0.2399418
-0.3800538
-0.2294334
-0.0796887
1.5683787
4.746294
4.9555863
4.1061573
2.7575793
1.9186587
1.4790573
1.2391155
1.3284369
1.418634
1.6585758
1.4387751
1.7680383
1.8985176
1.5885198
0.1296036
0
-0.3196305
0
-0.0306495
-0.0604233
-0.0507906
-0.0105084
0.1112139
1.6235478
5.0107554
7.0371252
7.8734187
7.3795239
6.9460524
5.0808114
3.5693532
3.5588448
2.6813934
2.8933128
3.397716
4.4161551
5.2323075
5.0510376
4.0527396
3.0045267
1.7540271
2.8626633
2.4563385
1.9493082
1.8074448
1.7566542
1.7260047
3.3092703
5.0755572
6.8628609
7.6238442
6.7201218
5.0755572
4.8829032
1.1366586
1.4414022
1.7969364
2.7102915
2.8731717
2.8731717
2.0097315
1.1576754
0.0507906
-0.0910728
-1.2180987
-2.241792
-2.7391896
-2.5868178
-2.1507192
-2.0596464
-1.2277314
-0.6191199
0.0201411
0.5981031
2.3941638
2.6980317
2.5868178
2.0797875
0.2233035
1.0140606
1.8363429
1.987839
2.3433732
2.7190485
2.8705446
2.7899802
2.2724415
2.1095613
1.8459756
2.5447842
2.5850664
2.504502
2.4642198
2.5246431
1.8888849
2.040381
2.0202399
2.1305781
2.5351515
2.6665065
2.6052075
2.5447842
2.5552926
2.6463654
2.635857
3.362688
5.009004
7.7867244
11.4725457
9.2412621
7.3015866
6.1097589
5.0396535
7.0091028
5.5650735
5.5142829
5.5747062
5.7165696
7.644861
53.8091379
64.4138649
90.9545805
101.0338875
64.4742882
63.31311
63.2623194
62.7272667
60.5257569
56.9196243
56.9196243
58.242807
60.5861802
60.5555307
60.5056158
54.6681996
52.6076775
13.6950723
28.3840641
25.6501287
24.8663772
24.6649662
25.0073649
50.396535
62.9602029
66.0461697
75.3329682
66.2572134
65.6634888
64.7186085
57.3215706
51.893982
47.0496096
41.2594812
47.8429938
42.9487065
26.5144446
19.6296912
15.0664185
5.3671653
2.8950642
0.7434693
2.916081
2.986137
2.5342758
0.5735835
0
0.3213819
5.8523031
10.0258893
15.727572
13.5856098
8.476776
1.7295075
0
-0.0604233
-0.0402822
0.542934
7.7227983
14.6311956
16.0585866
16.0988688
13.9175001
10.0258893
6.1141374
5.0282694
6.7700367
5.8540545
5.0396535
5.0291451
6.0353244
7.0213626
16.0542081
23.6684196
28.6380171
27.4908501
25.9417368
24.3120591
25.6904109
26.18343
30.0864249
28.687932
38.3039937
38.837295
37.4388021
40.0746591
40.5878193
40.8286368
36.5744862
33.4158363
43.4180817
33.8659461
31.8973725
30.4226937
30.2107743
34.5927771
46.2553497
47.9717217
51.6470346
49.0321944
46.5487092
34.572636
26.2123281
14.3579772
5.2401888
8.2596024
20.1437271
27.8989263
27.3533652
26.4347559
15.5900871
5.2603299
0.2119194
-0.8485533
-0.0910728
-1.9466811
-1.5429834
-1.7347617
-2.2487976
-2.1682332
-0.998298
0
8.8550784
15.0383961
5.052789
-0.0507906
-0.9177336
-1.0587213
-1.3617135
-0.0709317
0.5849676
10.0556631
13.1416299
15.1189605
10.0661715
9.702756
9.1580706
8.0485587
14.3387118
7.0485093
5.657022
8.853327
5.5965987
5.0414049
5.7472191
19.0771245
22.5764217
20.1463542
15.578703
0.1007055
-0.1007055
-1.0385802
-0.0805644
7.7035329
20.1358458
31.9735584
34.8476058
37.0359801
36.3905892
36.9554157
37.8118503
37.0657539
39.8890107
38.285604
38.8407978
39.6674586
43.6501422
47.8753947
55.0850328
57.8478663
66.0654351
63.8367786
59.6124018
58.1298417
57.7165113
58.2813378
57.8881485
57.6657207
57.2926725
57.5448741
57.7060029
57.0001887
56.6271405
56.5868583
51.5454534
47.3613588
52.4404188
50.4219303
50.1285708
49.1399055
49.1600466
50.4622125
55.1559645
63.7868637
64.6643151
64.3516902
63.2920932
60.213132
56.1551382
55.6708761
54.4589073
50.3107164
50.3807724
53.9448714
57.0334653
54.7522668
52.4001366
49.7450142
50.4017892
50.0882886
49.2160914
47.5750296
47.5347474
47.5443801
42.7350357
47.6056791
47.6862435
68.9123358
71.7277113
70.0971579
70.0971579
66.6433971
62.997858
62.4207717
60.2034993
50.825628
54.5622399
58.8864465
59.0896089
52.1628219
47.9393208
39.49407
35.4640986
30.623229
23.2349481
12.6512379
8.7281019
7.9986438
12.4997418
20.193642
29.1756969
32.9771106
36.4545153
36.5858703
35.9072028
35.5017537
32.7240333
33.9500133
31.2843825
30.5032581
30.1792491
30.9901473
31.0102884
31.122378
30.3920442
31.0917285
30.1897575
29.257137
33.1706403
32.2178787
31.7161026
29.7501561
22.8785382
30.9682548
33.8151555
35.6795208
36.2732454
36.4886676
36.5394582
35.8634178
36.6620562
36.0070326
35.8231356
35.6891535
35.7513282
35.6891535
38.0552949
36.7855299
35.7513282
35.7513282
35.7513282
35.054271
42.2656605
37.8749007
39.3793533
35.7863562
36.8512074
37.0456128
41.1605271
51.1102305
52.1032743
52.112907
42.7262787
36.113868
26.7272397
31.1188752
35.7758478
39.9625695
49.1959503
58.2655752
59.9845743
58.9924062
51.0892137
49.871115
48.4586109
39.9117789
44.3156742
32.2739235
19.7698032
16.6006449
19.4922063
36.4834134
41.7428676
48.4113231
52.1575677
52.8467436
51.4368666
50.0068485
46.3017618
36.1340091
42.7823235
47.804463
52.7644278
57.0562335
60.2262675
59.1561621
55.9554786
55.0394964
53.68041
52.4045151
57.2725314
57.6429525
57.5912862
57.5711451
57.7970757
58.5790758
61.6974435
168.6887181
197.8442739
151.2342657
127.7182179
108.7304148
101.8658025
102.833451
84.8947365
101.9997846
102.9253995
137.1556368
134.1195849
80.4181581
68.6242305
64.8779859
60.8847939
60.3602496
63.7238133
62.577522
62.0810001
61.2438309
60.4898532
61.202673
62.9593272
67.0514733
70.5236238
69.0042843
67.0409649
65.966481
63.3104829
62.3191905
62.866503
62.2570158
60.6965184
62.0293338
62.2675242
60.8821668
60.0038397
59.2087041
60.4171701
59.3015283
55.6270911
55.2242691
54.748764
54.7899219
55.1831112
55.4414427
59.1745518
63.0836766
66.6828036
67.2511329
67.1276592
66.5996121
64.0346868
63.0109935
60.064263
63.6213564
67.1889582
67.2616413
67.323816
66.579471
64.0968615
65.7107766
63.952371
63.5075154
63.3455109
60.9601041
61.2508365
62.0284581
62.2149822
64.3823397
67.3798608
68.3440065
69.9001254
70.957971
70.9886205
74.7226053
74.6910801
72.5648805
70.3668735
73.4160609
74.0071584
82.2930318
78.8602878
71.0306541
68.9972787
68.541039
67.8361005
67.4420355
69.8686002
69.3703269
69.3186606
69.3186606
69.329169
69.6925845
73.9581192
110.1586815
155.2642371
153.5723847
112.5668565
112.6290312
123.0901434
110.4283971
102.1460265
82.9252872
92.027313
126.4633398
140.5472229
124.533297
76.6360098
71.1970371
69.9938253
69.775776
72.1515501
68.8177602
64.7912916
58.8181419
60.7954725
62.3796138
66.6749223
71.8923429
86.6224926
89.9247573
85.0803849
72.2032164
70.5779172
68.6005866
73.6524999
78.6107133
88.0411266
123.9509565
143.816211
93.113181
71.2092969
64.0872288
60.59844
52.4316618
51.1715295
40.9810086
26.1641646
23.0764464
21.8373309
22.6639917
23.5720926
25.8235173
33.6811734
38.5334271
41.3006391
43.5003975
43.7272038
43.1798913
43.0975755
43.9750269
56.7987777
62.6326911
67.9709583
70.2626652
67.5471195
62.7561648
57.5632638
53.7636015
42.3742473
19.1638188
12.9892581
12.2352804
11.935791
20.8880721
50.3658855
61.2385767
79.6484178
84.6250209
79.7622588
76.4372259
74.6718147
73.339875
75.187602
83.778219
91.6358751
98.3989062
111.5843211
104.0366628
89.3441682
80.8665165
79.7000841
81.8578089
82.1984562
81.4725009
77.2682652
71.9492634
66.929751
64.8639747
71.2057941
82.5461091
107.4799152
108.1095435
100.5802749
93.0816558
102.036564
101.5820757
97.8533451
105.0629832
117.6117642
135.0776007
161.7776937
172.0128753
97.6782051
93.17448
91.6875414
86.554188
82.6187922
72.3783564
68.1784992
63.1983933
61.316514
61.2753561
66.0680622
72.7522803
80.5390047
78.7403169
71.9729073
65.8911708
60.0791499
57.6464553
59.9031342
66.4630029
70.590177
73.6884036
76.7235798
73.9064529
67.5436167
59.1754275
54.7461369
51.9806763
50.4114219
48.0724272
45.5661738
42.4180323
28.1055915
16.1864388
45.5766822
57.5168517
70.6068153
78.5914479
71.6217516
64.2168324
63.864801
63.3472623
63.3157371
66.3710544
65.6669916
66.8369268
65.3456097
64.1029914
62.7053742
61.369056
61.0897077
60.2814366
57.2375034
46.4742747
22.9818708
10.7369577
6.138657
10.455858
37.4125311
55.7339265
63.7763553
65.5443936
65.0452446
64.88937
63.7448301
62.1738243
61.1956674
62.0591076
61.5284334
63.0889308
62.7561648
63.3183642
62.235999
60.020478
55.2759354
47.3692401
38.3074965
47.5916679
34.4754333
32.2581609
23.6710467
20.6420004
16.5612384
17.3519955
28.0635579
36.3704481
42.3033156
43.2919809
44.301663
43.198281
43.9583886
44.739513
45.9050697
47.4349176
52.3791198
50.4954891
49.1110074
44.8953876
42.812973
37.7023878
36.3284145
41.6894499
41.0247936
37.8600138
36.2408445
34.6733415
36.2303361
37.838997
47.480454
51.9841791
49.949928
50.843142
51.797655
47.6985033
48.3412671
49.3071642
58.356648
65.476089
71.8275411
70.5096126
63.0267561
55.274184
55.0981683
53.5516821
49.0470813
50.4902349
45.0617706
44.844597
45.1764873
45.8507763
54.9633105
62.4452913
72.1287819
86.2433145
75.5948025
64.2825099
60.4215486
62.1755757
69.513066
80.7421671
93.9126951
113.0397345
138.7362753
151.7920866
99.0907092
81.4374729
77.7744198
77.2656381
75.5948025
79.4312442
76.6526481
71.4369789
68.7932406
71.6129946
82.7072379
88.7933529
133.4181492
136.4147946
113.2936875
99.9077373
89.3529252
86.6163627
89.0735769
97.9487964
102.6556839
113.6562273
137.7624969
150.0695847
101.8369044
87.9123987
83.8377666
80.9864874
74.6718147
73.7304372
75.266415
70.2425241
66.6609111
68.1960132
75.266415
78.4828611
89.7408603
106.3879173
94.7533671
86.3983134
82.3464495
79.0678287
79.4540124
84.1425102
84.0488103
86.440347
88.7592006
81.991791
75.8505069
70.9947504
66.7966446
65.5330095
66.0759435
67.4394084
69.2486046
70.9851177
74.0281752
77.1447915
83.0443824
87.771411
94.5283122
122.8615857
111.1683636
101.3263713
96.0861825
91.5684462
93.5659179
101.8596726
93.9529773
96.2324244
98.7325479
97.7071032
88.6812633
84.5497107
81.1301022
80.0950248
75.5238708
69.2302149
64.4611527
57.9984867
52.2994311
60.1842339
69.0629562
76.9171095
82.5329736
85.3772472
83.839518
82.6792155
81.5915961
80.7027606
81.6537708
86.7573504
92.0386971
91.9029636
91.9029636
92.4257565
91.2330531
89.0166564
87.8134446
87.6777111
86.5165329
85.5427545
84.023415
83.6582481
83.5233903
83.2738158
85.3036884
86.9797782
88.156719
92.7269973
95.6422026
92.0921148
91.0193823
88.7294268
88.5831849
92.3215482
103.5760446
116.64324
128.9809773
136.8211194
99.067941
97.4540259
93.6639963
91.0614159
87.5629944
88.4150505
86.0611689
86.0410278
84.1241205
84.9052449
87.5095767
87.2074602
87.4150011
88.4360673
90.5710239
89.4361167
87.4675431
88.9045668
90.0298413
94.435488
101.0076165
113.5056069
135.2947743
124.4518569
105.7775544
99.0390429
97.8726105
93.0501306
88.7381838
89.4361167
87.5297178
84.4989201
83.0408796
79.6247739
83.2282794
86.9254848
99.3621762
124.1812656
127.32678
120.2029605
101.7467073
93.8102382
93.5396469
87.4053684
83.4577128
81.9366219
83.6240958
83.3219793
76.4065764
72.9379287
66.99105
62.2937952
56.4616332
56.4598818
56.0334159
55.8039825
56.0850822
56.6061237
56.876715
62.5748949
74.8154295
83.5338987
79.7009598
75.6482202
75.8566368
78.1903773
78.2210268
83.0969244
89.5867371
92.3154183
99.1703979
97.1808075
92.0343186
90.7216443
90.5867865
89.9510283
86.3046135
84.8474487
79.95141
76.2690915
73.9563678
77.8900122
84.4078473
103.2502842
125.13753
130.3575777
123.4842084
114.5704581
101.4191955
99.1073475
102.4866738
107.7277383
122.8773483
125.1681795
129.86631
132.2201916
122.7416148
111.6202248
99.0758223
95.8952799
88.1015499
87.9955902
85.7196459
77.6886012
76.8960927
83.5058763
89.6121324
99.8262972
126.6183387
133.8463665
132.4049643
123.6628512
120.0803625
126.2680587
135.5452245
146.4905988
158.4657963
158.2083405
187.8017463
142.2285669
125.6918481
121.0996773
114.5608254
109.8346725
98.2509129
100.101267
96.8130135
95.5449999
92.6683254
95.5966662
103.0909068
118.6477173
131.4723438
142.0700652
134.884071
131.8637817
129.0492819
123.193476
112.1220009
124.296858
129.8531745
137.791395
146.4713334
149.7499542
141.1418232
127.9774251
113.8952934
99.4830228
95.5449999
95.4653112
93.6018216
90.7969545
86.0042484
82.7431416
82.7737911
86.3659125
92.2768875
100.320192
97.8568479
96.3760392
95.8900257
95.1859629
95.6728521
97.3699587
97.9085142
96.4802475
105.6102957
107.6708178
91.5211584
86.0243895
80.7246531
76.3557858
64.5233274
54.0849834
47.7650565
43.5275442
38.6411382
36.1559016
38.7646119
43.0739316
48.9612627
52.0437267
56.6210106
61.806906
64.18881
64.9927026
65.878911
68.2818318
73.0649052
83.4883623
97.9628076
106.3861659
104.7573639
91.3959333
86.9937894
89.6436576
82.5294708
72.6016599
66.7554867
63.7351974
64.1572848
68.6216034
82.9209087
102.6539325
128.2322538
126.810117
118.5724071
112.5204444
105.8913954
103.1075451
114.0669306
120.4796817
128.8925316
140.0892318
147.1508766
140.3983539
129.9337389
120.0260691
106.7986206
107.9431605
97.5608613
102.7327455
97.7797863
95.71401
91.4397183
95.6422026
100.687986
119.6477667
135.7816635
141.9886251
136.6039458
134.7028011
134.6108526
139.481496
139.481496
138.0637377
140.0366898
143.6025402
146.6543547
141.7732029
132.0616899
124.5192858
110.2865337
110.3276916
97.5337146
97.299027
94.1298687
94.1298687
91.1542401
90.7242714
93.9967623
97.2578691
98.1072981
98.3524941
94.3952058
86.8291578
79.5897459
79.7841513
76.6246257
75.5405091
74.7839043
75.1727151
75.2445225
75.2340141
74.7129726
74.9984508
74.6105157
73.2812031
69.6514266
61.1054703
52.7101344
43.443477
31.8430791
21.3478146
50.0786559
64.2895155
72.0201951
74.6928315
74.5387083
73.6787709
73.2382938
70.2390213
70.730289
69.4193661
72.5018301
73.0132389
75.931947
71.1190998
67.6381923
63.952371
61.9146171
60.6553605
59.7849147
60.5467737
51.683814
51.1505127
48.0768057
39.3670935
55.2286476
67.7397735
78.6527469
84.5645976
82.9147788
81.9515088
78.8576607
75.783078
75.3942672
76.2550803
75.4038999
79.0109082
80.7123933
81.9007182
81.9208593
80.9173071
78.8672934
77.1868251
74.635911
80.2990629
77.5940256
76.3391475
75.8557611
74.2917609
78.4373247
81.79038
87.0568398
93.516003
91.6236153
90.7899489
89.5455792
87.2416125
86.9535072
90.4922109
95.7788118
114.5293002
123.9404481
127.2006792
126.7794675
120.977955
114.6834234
114.9198624
102.6591867
110.5650063
104.9570235
101.5479234
99.5346891
96.8033808
97.5223305
99.339408
104.9570235
112.1360121
117.1993095
115.5556206
114.9601446
113.6352105
110.276901
115.0214436
122.6628018
133.7745591
144.4344552
149.2508052
143.6542065
135.2536164
122.0664501
118.65735
102.1539078
98.7745815
93.629844
90.1069029
89.0184078
88.1146854
96.6282408
118.4104026
138.2415048
144.2908404
139.6075968
137.6153793
136.5575337
133.3226979
132.0284133
128.9783502
120.618918
116.1309555
124.8187752
118.0820151
104.9570235
100.1205324
93.9993894
91.0517832
85.3930098
82.7632827
75.5256222
71.3581659
70.467579
74.3784552
82.5382278
91.4659893
115.5039543
130.0528341
141.3651267
142.6147506
141.7950954
138.8264724
136.9121922
143.1874584
149.1150717
163.0387017
194.4999756
181.2112281
159.2512992
142.1532567
124.4518569
116.3236095
108.1331874
100.7720532
97.4347605
93.227022
88.9168266
88.7530707
96.1544871
105.2871624
135.7448841
152.8832088
145.9415349
140.269626
133.4724426
134.3630295
139.3694064
153.5180913
171.9971127
204.7588011
255.9487203
255.9487203
204.7588011
164.8312596
142.3178883
128.0255886
113.3541108
104.3081298
103.612824
101.3114844
99.3367809
100.9533231
105.5971602
122.7127167
171.9620847
218.6631657
235.5536673
221.02668
228.4841412
199.7060121
194.1820965
199.4914656
193.7118456
231.2058168
265.8458817
246.991185
193.1995611
153.168687
131.5721736
123.6435858
112.8103011
106.2784548
102.2222124
98.8131123
95.5992933
95.784066
101.9857734
119.2475718
151.3568637
203.6125098
221.9829444
214.7338998
212.8958055
202.3803999
174.6767547
173.8036818
183.8567178
199.4643189
230.0131134
204.5065995
167.714064
142.2075501
124.5052746
118.0461114
107.8188111
104.7556125
102.2327208
100.7562906
98.5004874
97.526709
98.1423261
98.9926308
104.2012944
119.5601967
127.6709301
134.3350071
130.4390178
124.655895
117.4795335
121.5191376
126.6244686
133.0739991
147.6850536
148.6281825
132.8384358
122.6058813
114.9163596
109.3994496
105.5446182
107.3214135
101.7589671
99.3805659
99.2378268
96.5739474
93.6140814
90.6953733
94.032666
99.0232803
102.2178339
107.1278838
107.2399734
105.8213394
104.576094
107.8625961
120.2633838
127.7856468
134.4400911
134.9506242
128.6736066
114.6492711
104.0550525
101.1363444
93.0019671
98.1563373
94.3995843
92.3276781
89.9396442
90.4090194
96.9513741
109.0255257
122.0489361
240.4751013
241.3735695
210.5909631
169.5197574
132.9093675
138.1451778
133.4706912
203.5179342
268.1551026
210.6111042
144.6060924
127.1525157
122.0393034
110.6998641
104.8107816
96.747336
95.7954501
92.7917991
90.3906297
89.4404952
90.4825782
96.3681579
113.1343101
191.2546314
339.2085249
255.5099946
255.3155892
207.3561273
191.9289204
192.8273886
203.5153071
231.867846
230.6313576
176.3475903
154.5750612
146.2988205
131.4233046
120.3886089
113.972355
105.5227257
100.302678
97.7666508
96.5397951
96.0660414
95.6746035
98.2614213
107.0333082
141.3677538
177.2784594
176.7941973
159.2302824
154.4892426
154.2930858
148.9434345
148.3864893
152.0670564
169.0433766
178.5674898
165.0852126
150.0564492
130.0186818
115.7841783
107.1979398
100.7457822
99.2098044
97.9496721
96.9583797
92.9704419
92.5360947
96.4828746
112.9504131
131.6290941
150.4732824
142.2600921
138.8098341
142.7461056
142.5595815
142.931754
138.2309964
138.1688217
134.0162523
128.9949885
120.4823088
104.252085
101.1424743
97.3095354
96.7201893
89.9641638
89.7618771
85.8142215
83.9288394
82.114389
82.4541606
89.7102108
99.7702524
107.3765826
116.1064359
122.1566472
122.3930862
120.8474757
120.2397399
115.2097191
112.9626729
118.1879748
114.8279139
117.8482032
118.4463063
105.4798164
104.4289764
100.9865997
99.5740956
92.7515169
94.102722
84.6477891
81.1064583
77.2463727
74.0132883
77.1850737
80.3875086
82.1327787
84.6477891
91.1770083
92.9835774
93.0448764
93.7016514
91.0430262
87.9018903
85.7152674
83.4673455
82.9130274
80.1212958
76.9897926
73.5815682
72.2268603
70.6558545
66.3246423
63.0512757
53.4903831
48.3500241
40.1902515
33.3492831
43.1781399
50.7914757
54.0779778
64.6993431
70.3353483
71.7566094
73.9309725
71.4474873
71.334522
74.0745873
80.6379588
84.7379862
85.2021072
88.0043472
84.470022
82.9760778
82.018062
82.4611662
73.5290262
66.0593052
49.1740578
48.9673926
46.9278873
48.0610431
52.6251915
76.8461778
91.6201125
98.5232556
99.8411841
96.1842609
93.4231788
92.0115504
92.114883
95.7105072
98.8218693
108.7015167
121.5594198
126.3494988
121.3947882
114.0695577
101.7992493
98.6878872
90.1261683
90.7242714
89.7040809
88.2197694
86.983281
87.972822
91.7339535
104.3965755
120.6355563
140.418495
131.7324267
129.9092193
122.7065868
124.3555299
127.1682783
123.7574268
119.9551374
117.5136858
110.9292975
105.0559776
94.2577209
92.0019177
91.1673756
88.0139799
81.8113968
79.6344066
77.5020771
77.7700413
75.3601149
75.1954833
77.6982339
83.0942973
102.1863087
98.7675759
103.5051129
106.3677762
106.0586541
98.7675759
108.9213174
110.1262806
112.6596807
111.8978217
117.0670788
111.8662965
105.4614267
99.4576275
93.5878104
95.1018957
86.7599775
80.2263798
79.1475174
79.811298
79.6659318
80.3402208
84.4997958
97.237728
120.5357265
131.6045745
125.8678638
127.0605672
127.869714
120.1731867
124.3949364
124.7679846
131.4171747
129.2498172
128.5860366
127.0710756
114.8620662
103.3474869
97.3419363
95.1421779
86.1907725
84.3071418
81.1660059
78.4075509
75.4179111
74.4274944
78.8016159
93.8426391
104.5506987
119.1775158
115.1878266
107.8634718
100.5706422
92.1358998
86.4280872
85.0646223
86.0243895
93.9337119
90.8836488
85.7721879
80.4076497
77.7919338
76.4687511
72.9834651
70.1750952
64.705473
62.0661132
58.7953737
56.3968314
52.603299
54.4195008
57.2699043
59.9390379
62.4076362
62.5783977
63.9830205
62.43741
62.5582566
62.227242
60.9828723
62.0661132
62.4479184
63.2807091
62.6782275
62.1169038
61.5844782
61.5643371
60.6912642
54.9011358
46.6975782
44.082738
44.2421154
29.5417395
27.1064178
30.7694709
38.0745603
43.6133628
45.2307807
49.7511441
51.4981656
48.4340913
44.9908389
41.2778709
47.4165279
54.6822108
59.0335641
59.1430266
58.9836492
58.8636783
57.8259738
57.0071943
57.1473063
49.8816234
52.7950773
52.585785
51.1986762
50.4998676
54.0429498
60.4005318
64.1432736
68.4044298
69.7722732
69.2127009
71.3590416
69.0331824
69.7118499
71.229438
69.0936057
68.7836079
68.2450524
67.8255921
63.2045232
61.7780079
59.6124018
59.4223749
58.0948137
53.3047347
50.2809426
47.7055089
48.2029065
51.7722597
54.1480338
57.9468204
62.2114794
66.5864766
70.5936798
72.2443743
74.3416758
76.2612102
73.6262289
71.9956755
71.9860428
72.2040921
74.3416758
74.3320431
70.6033125
66.9542706
64.9962054
64.6678179
62.411139
56.5448247
54.7645266
50.0935428
47.4550587
41.0414319
32.3168328
43.312122
53.0516574
58.4293311
64.4147406
65.6993925
66.0286557
63.9567495
63.5880798
62.2736541
66.5260533
68.0305059
70.9281972
77.4311454
74.6429166
68.2494309
68.0900535
65.371005
61.1685207
53.8984593
49.2887745
41.7069639
36.8801055
32.9210658
32.0129649
32.7240333
36.6427908
49.2686334
52.4570571
55.2312747
55.9125693
56.0211561
56.2479624
56.1096018
56.3267754
56.3469165
56.5045425
56.1393756
56.0211561
55.7838414
54.7181145
51.3519237
47.4427989
17.9763696
15.175881
10.4935131
4.8706434
3.9993219
5.6430108
13.6512873
40.3399962
51.2100603
55.545651
57.0509793
58.4766189
58.2287958
57.0509793
56.8627038
56.9914317
57.4958349
57.8032056
58.9118418
58.4862516
57.3968808
55.7540676
52.0708734
50.230152
39.9940947
19.4212746
4.4056467
0.3459015
1.31355
5.5712034
7.714917
13.4148483
25.1404713
37.6559757
43.198281
53.2539441
53.2740852
50.9228307
50.834385
53.3134917
54.8153172
59.4477702
65.6810028
65.3351013
61.1072217
57.2156109
53.9851536
52.0883874
44.3831031
53.1120807
44.4925656
43.5774591
39.9958461
37.497474
30.6197262
31.4752851
42.2691633
51.0165306
53.0429004
54.1060002
53.0525331
51.8720895
51.8134176
49.7861721
49.1171373
45.702783
43.2823482
43.7350851
35.3721501
29.5075872
29.5075872
28.5136677
23.2200612
38.1165939
37.5368805
31.1118696
29.5172199
26.3690784
21.7742805
20.3766633
35.2145241
48.6845415
54.223344
57.0282111
58.9363614
59.1141285
59.0151744
58.1298417
56.9590308
56.0045178
54.0271872
51.4885329
47.8377396
48.2615784
49.205583
49.1565438
49.1372784
46.6476633
45.2106396
44.6107851
44.0792352
43.8042654
39.809322
38.5010262
49.1372784
53.7714828
56.2602222
58.4450937
59.5370916
59.8418352
59.8120614
60.1273134
60.9434658
61.2884916
61.4163438
61.1107245
60.7867155
60.5800503
60.2647983
59.9696874
59.5659897
58.7296962
58.3951788
58.4056872
54.0665937
55.0211067
59.63517
61.465383
68.2835832
76.4705025
76.5983547
72.2093463
71.3730528
70.861644
69.6120201
72.0920025
76.3811811
76.2139224
78.7919832
73.1542266
63.8070048
58.9074633
56.4572547
55.0307394
44.0205633
37.5053553
29.2799052
27.2290158
24.8830155
29.4471639
32.7354174
35.8371468
38.1735144
43.8068925
54.5753754
57.8636289
57.6280656
60.0625116
60.6807558
61.0336629
61.1912889
62.113401
62.682606
62.6922387
61.7797593
60.896178
58.6780299
54.8993844
49.0190589
44.4645432
45.6195915
43.4180817
42.3619875
43.9811568
37.4948469
37.9686006
47.1406824
55.1568402
60.0432462
61.2482094
62.0372151
62.8174638
63.2027718
63.8840664
65.1371931
65.5619076
66.658284
66.4507431
65.5619076
63.4392108
62.4321558
60.8725341
59.5791252
57.2033511
58.8190176
58.1000679
59.2918956
58.2769593
58.0702941
59.2428564
60.0703929
61.9023573
62.3945007
62.1387963
62.0993898
62.1387963
62.2570158
61.9715376
62.1186552
68.9456124
78.7271814
78.7963617
70.0288533
64.0889802
61.3208925
60.099291
59.2717545
51.5883627
49.0540869
44.6046552
40.4196849
37.4633217
38.5728336
39.2996646
43.2884781
51.6566673
57.9923568
61.0669395
61.8918489
62.1274122
62.1764514
62.1668187
62.402382
62.6782275
62.5792734
62.1379206
61.7639967
61.4890269
61.1457525
60.6737502
58.2576939
51.5883627
49.0540869
44.6046552
40.4196849
37.4633217
38.5728336
39.2996646
43.2884781
51.6566673
57.9923568
61.0669395
61.8918489
62.1274122
62.1764514
62.1668187
62.402382
62.6782275
62.5792734
62.1379206
61.7639967
61.4890269
61.1457525
60.6737502
58.2576939