195.9
191.09
187.95
187.82
187.74
187.74
187.22
187.82
186.47
186.47
177.25
168.5
173
165.89
179.73
188.06
193.67
213.36
229.99
243.42
235
203.25
190.85
187.28
187.27
187.2
180
180
185.89
185.89
198.85
202.72
213.36
203.99
196.23
193.84618
192.12991
192.02775
195.74
199.09
206.21
262
247
250
210.95
199.09
194.47
185
170.77
148.89
120
115
113.63385
148.89
191.58
191.63
199.74
198.49
191.58
180.2
175
174.76
180.2
190
194.9
200.38
200
199.74
195.02
189.89
173.57
149.99
121.5
119.22
100
123.87
128
135
171.58
190
217.72
191.22
183.83
173.5
169.41
172
183.57
191.46
200.45
211.77
215
211.6
200
190.06
179.99
137.89782
150.98
123
107
100
107.4
137.4
188.16
200.35
227
242.65
192.94
184.38
165
165.1
184.52
199.35
234.27
249.99
239.99
248.8
200.01
192.94
184.99
160.86
173.13
170.77
160
150
152.1
155
172.8
174.6
174.34
174.14
156.68
147.6
145.5
135.45
149.99
173.97
179.6
211.85
226.72
249
219.99
188.09
175.74
164.2
176.66
174.01
174.01
173.05
173.03
174.01
179.55
186.67
192.82
206.09
186.39
178.54
165
163.94101
177.44
182.11
193.78924
253.38458
266.41638
270.60731
227.71362
192.43733
178.54
180
164.87
155.73
150
150
152.63
154.21
165
170.5
170.5
170.14
165
150
160
152.39915
165
177.38
176.99
178.19
181.87
185.48
180.56
170.5
149.81
146
164.67
150
111
85
73.71
111
140.54677
185.78
195
193.39
186.62942
180.85831
173.16
173.77309
178.78798
182.71864
184.26707
185.05534
181.98463
181.08209
174.2408
149.70309
133.95339
107.01633
103.89708
93.23838
87.58494
79.87475
94.72862
108.60482
176.34394
184.89591
223.03826
213.06888
178.66313
171.44137
162.8739
162.01815
168.35274
181.27493
190.66678
200.83681
191.73444
188.41764
182.20192
179.5309
172.08297
143
128.14
100
100
100
105
131
190
208.56
226.25
212.65193
201.62799
179.4954
170.5972
170.74299
190.5
205.79665
226.11
254.17
217.78
214.93
206.5
205
194.5
186.54
160.72
150.07868
131
129.2
133.5
151.5
180.1
192
223.51
207.96
189.99
181.1
174.62
175.16
179.5
187.7
198.08
230.89
200.15
195.8
185.5
181.38
177.5
172.5
172.34
169.56
169.42
156.74
163.5
172.99
185.01
229.16
295
254.56
206.24
198.11273
185
185
188.23
195.82
210
228.65
207.43
200
188.23
180
175
171.77
157.8
147.8
141
140.48
145.16
150
167.91
178.78
180.2
179.85
167.91
153.90618
125.91
118.88958
135.85233
165
175.17
182.71
180.2
185
180.1
178.69
170.48
167.91
155.6
146.3
137.06
130
130.6
130
146.76
148.4
148.4
149
148.4
141.33
140.94752
112.71769
114.01339
146.59045
163.11
167.91
169.36
169.51
167.91
164.12
148.4
115
56.37272
56.46732
47.68497
50.12234
58.71
89.75917
161.71304
182.38596
185.25871
206.55391
191.35924
186.61071
170.6477
175.56002
180.10346
187.88175
200.18148
201.9687
193.73278
187.76596
185.1909
183.39463
160.59959
126.82837
132.4277
116.9549
121.5683
110.18771
110.35559
137.75107
165.85126
194.2667
238.86916
222.33297
209.74522
193.54071
178.22904
169.69115
174.37298
175.64735
183.63403
189.31402
203.56504
189.69039
174.53861
163.42847
156.98041
146.7
125.01914
104.46819
93.48898
92.25802
94.10537
117.74943
156.74905
173.14209
191.70612
187.81518
168.18052
158.73667
144.01819
142.79203
153.80773
160.15376
175.72278
181.42678
182.35793
178.26688
158.56832
151.82738
151.6392
141.14571
157.4
146.48108
139.03074
136.29173
142.63039
147.27254
170.36385
189.23638
203.24408
217.62667
195.79892
194.98204
167.36438
163.8195
173.43549
181.19858
197.72956
210.2723
225.09808
217.98803
202.36335
177.4
177.16952
170.22953
162.72
158.46902
155.23825
153.09021
154.09
158.64384
182.25918
208.07258
231.57741
223.61655
198.14329
191.38917
179.37549
175.3426
180.27735
189.53054
199.04157
210.52282
207.43241
201.75842
195.75686
181.01
178.84
174.99
161.62993
134.08996
122.25977
110.70657
107.76624
98.08974
127.46276
149.07107
160.30658
166.51112
166.47159
150.93008
152.99829
152.17839
156.48663
160.23756
170.41463
185.222
192.70171
192.7841
179.87601
172.13
170
165.04
168.8
162.85
162.76
151.54
151.22
150.12
162.8
183.32222
179.8
184.58
184.89
184.89
186.2
184.48
179.02
190
193.66
215.72
236.66586
240
217.51
204.01
190.88
184
164.8
164.8
166.19696
154.5
151.9
165.9
189.9023
225.98
255.0622
252.38868
230.8622
216.54284
209.27404
208.51263
210.22527
218.99
224.58102
248.90134
248.07
223.19006
205
192.51
190.33
180.32
174.52
162.84
161.56
161.93
162.12
171.05
183.61
210
243.88629
240.24844
220.65045
212.08119
202.50079
195.6228
205.35924
217.9725
224.58
250
250
229.99
214.01928
190.53
185.7
178.83
160.04
156.38
154.26
150.86
150.45
160.6
176.65
203.28594
225.0418
225
212.42185
200.98182
193.20226
185.2
192.50977
197.29933
199.18612
208.43234
216.20052
211.70154
194.86386
180.07
175.61462
167.11068
154.7
148.57102
143.19
143.19
142.8
149.99
166.85
186.83
198.95
205.50785
198.31064
197.13878
184.92637
176.83176
177.6
175.08
178.99
186.2
197.96406
193.6984
178.35622
170
166.85
159.84
150.39
143.78067
137.00228
131.13833
130.55314
137.4516
160.85
175.75046
195
198.8113
188.42172
183.48666
177.39049
175.42547
180.19531
185
188
198.05307
200.7
193.7
182.08911
174.56
169.99
158.1
160.38
151.1
149.8
149.8
143
149.8
157.97
160.5
161.52
172.1
161.52
159.74
153.64862
145.34617
149.8
159.81
160.9
179.97
220
220
199.99
160.5
156.47
149.8
162.01324
155.8
150
136.4
132.11
131.89
134.72
150.07
148.9
157.91987
147.38242
139.81797
137.80008
116.4978
123.5934
148
162.17
174.91
200
215.92
211
179.02184
167.99709
155.88
152.08
148.58
152.04
150.86
152.03
156.86935
176.15
213.05
208.9
215
181.64399
181.41696
169.6118
169.83819
171.78968
178.88861
189.86
205.48776
224.39275
220
187.84106
172.85
169.11059
159.09
155.47276
148.2817
144.47071
131.26474
118.81988
133.35956
161.06
176.59605
184.80483
183.33951
170.96114
157.02367
141.69926
139.93292
153.18532
162.15
172.27494
200.52039
196
191.91
176.48
166.5
164.18272
156.3
149
135.28353
131.4484
135
135
147.7
164.27
181.7
202
180.7
167.20269
165.66974
154.99
152.62839
160.33769
166.13643
171
187.18924
189.40765
189.74455
175.01715
169
163.12
152.29643
148.7
140
140.06019
139.01
140.7
154.05
165.89
210.85
230
224.99
170.88649
167.21
158.88
159.33
165.17
169.89
209.99
230
234.99
230
222
175.98
165.89
159.33
151.6
150.6
146.26
146.8
147.5
156.5
169.45
186.78
226.5
195
172.07846
165.65938
157.83
157.83
160.95
169.45
174.99943
196.48258
197.4545
185.1325
173.06
169.45
160.28
153
158.09
155.26
150
145
140.5
140.5
155.36
160
166.07
169.8337
164.10761
156.01882
148.84215
133.37
132.59174
139.63295
155.36
170.28855
184.15757
191.20781
167.81438
158.1
152.3713
137.3
153.69
147.56
126.22995
111.90396
103.63561
101.37126
112.79559
135.43596
147.19085
144.04817
122.80952
125.39036
133.91438
110.75871
116.69053
140.11875
157.78057
167.59671
172.84
176.54396
171.9
170.27
160
157
152.2
144.85581
126.15458
126.01064
140.1
150.07048
173.1523
200.64581
213.39377
194.54909
177.49166
166.17041
161.34224
161.49432
170.17875
173.10653
184
203.22
218
217.21
186.21351
179.99
174.7
163.1
156.86
148.8
149.5
148.6
150.3
152.6
170.54
198.03638
214.12258
193.3
172.63717
163.27392
157.03483
158.02
162.52
171.87
189.98015
222.26
245.5985
229
199.0263
188.17898
173.27
163.02
160.00164
155.13
152.8
150.6
151.6
154.05
175.57357
196.64
215.9
188.51
171.84
162.6
152.41
152.41
160.89
165.1
171.84
183.98852
192.45422
193.03072
176.29168
173.98
169.72
160.97
161.82529
159.26615
155.91
149.93
146.52328
155.82
171.19
186.60248
225.1736
250
197.93197
173.53208
157.5381
155.07
159.11865
163.37049
169.98
189.15524
225
237.59079
198.02846
179.99
174.99
166.61
155.58
154.28
150
139
138
146.98
167.29
186.69178
205
186.91108
164.67223
154.55048
143.72515
142.39287
152.63
157.949
180.79158
202.22
214.99
214.99
179.95
170.04
167.03275
160.93
158.95
154.51
151.87
152.9
154.68
154.76
162.48
180.53887
180.85
165.06
155
150.0184
136.46561
131.56919
136.19481
149.92635
162.48
202.84644
248.70705
272.15507
234.95144
196.85919
163.75
161.43
160.03
154
151.93
150.3
150.3
150.13
150.2
150.3
150.12
150.33
145.55932
140.06835
129.88801
120
120
135
150
160.03
175.1
189
170
160.99
157.32
147.57
145.74
145.22
145.96
144.82
144.78
144.92
163.19
196.08407
229.99
196.20411
173.34687
153.43466
148.63
149.32
151.43
157.88989
169.99
192.02
221.8
206.95244
187.85626
170
160.97304
150.12
149.02
144.84
138.3
132.12489
133.7
141.93467
166.46
199.98609
206.98464
180.6
161.81437
149.32405
135.03
136.46656
140.35
152.22277
165.01337
181.48085
205
204.99
175.80866
163.61
156.28
145
143.48
135.8
133.2
132.6
135
146.4
168.69464
185
212.03
171.98
158.84899
152.04
147.78348
148.72
151.73
159.96
173.99
198.58
223.98
214.00383
187.84
171.11
168.51298
159.5
150.87189
148.3
144.91
141.9
143.48
150.46
166.38
196.66
205.01633
171.92797
161.81149
155.73207
148.03873
148.00254
150.97766
157.6
163.45928
174.69197
204.4
192.30008
173.1373
165.0888
160.35
151.22
148.94
138.5
138.02006
136.39178
138
145.18088
163.07
198.18
202.92
169.97133
163.53757
160.256
149.83
150.76
154.69
160.3
166.69
196.21
216.91
211.63
185.1
165.4
161.73
153.8749
151.49
150.76
148.07
141.84
140.41
141.84
151.49
154.91
151.72
146.88034
140.55
116.61994
100
84.16768
86.37426
110.08701
141.84
151.44
171.50883
185
155.8
151.57
146.41
131.95
140
130.2
127.1
124.1
123
118.5
130.2
135.3
120
119.03668
114.35794
100.74583
93.9078
85.58749
103.1661
108.42961
141.6
153.2
187.54
200
189.99
180.12648
160.71
150.76
142.39
141.9
141.86
141.24
141.24
142.85
158.33
177.71
191.47
179.58936
155.40149
150.6915
140.5
137.56
145
150.15594
158.91
176.92949
194.99
204.99
180
175.84136
155.61
148.22
149.34816
145.51
141.89
137.98
140
146.95
157.54
175
192.8307
168.63294
151.98926
148.35436
141.74809
140.23915
141.92396
150.09829
158.31
175.5
199.82418
214.22
181.43
168.3
157.4
151.5
140.84
133.5
126.5
128.3971
130.85
140.27143
157.96485
192.3
230
187.38352
156.2661
151.88868
147.17885
144.34039
146.72326
154.36218
159.36207
171.04
214.99
230
175.5
169.99
154.93
150.1
143
136.44
131.12
127.94
130.63
137
153.98148
170
179.18837
173.53573
162.96606
161.08753
149.58423
145.9479
145.93
149.07
153.78
160.33
206.99
212.12
161.25
159.98
153.78
147.23
145.89
144.19
141.75
134
136.22
143.59
156.26
230
238.94
199.8
158.71593
155.97018
145.3
139.82204
140.21034
145.6
155.14
157.75
212.99
211
171.8
160.75
157.3
153.06449
149.84
145.13775
141.9
131.8
131
130.85782
147.18821
149.91324
152.06705
151.97698
139.51396
126.88759
131.77858
121.859
121.18
117.93
141.51
150.67
190.73
204.99
177.51
151.73
149.30329
145.44
136
130
120.80269
110.64812
107
106.8
107.03778
109.22874
130.82
144.23
135
124.9866
114.53921
62.87947
62.45978
71.99061
98.9224
138.82
169.99813
200.07
183.28
154.66
148.8
144.03
144.28
135.6
132.9
133.87
141.56
146.51
164.07719
186.65736
237.04314
236.74755
197.89814
163.2422
159
159
162.92374
170.38285
183.03
194.67
219
218.35
190
164.95
160.78
154.33
147
141.15
143.16627
138.23
138.23
143.82
161.93754
175.97595
206.58044
197.12397
167.7002
157.43639
149.47234
147.53
151.28196
154.4917
160
173.1284
203.81
195.8
176.17
165.01
158.40945
152.09
145
140
139.64
135.8
135.59
144.32
163.29035
195.22
244
222.3
167.91245
157.83109
147.50943
147.30479
150.51768
155.32798
158.63636
167.94081
222.3
225
185
169
159.96504
152.00758
145.6856
142.49494
141.8
140
140
144.52
165.51842
186.40903
223.9168
205.95078
187.47112
163.48189
148.35215
146.33436
153.79
150.39
157.3
170.28719
222.3
229.28045
185
166.82
160
153.69
147.56
145.79
143.54
143.11
143.62
146.37
162.18783
187.02786
218.08145
198.03966
179.48192
155.89838
146.37
143.8
145.1
149.99
156.38
164.12
220
221.1
186.85031
163
158.01869
155.76
142.24
139.5
141.36023
134.25317
133.61858
136
143.14897
146.90191
148.84432
151.07004
143.94721
134.48
124.42
115
111.9
117.3
134.39
143.52
180
202.97
173.2
160.61375
149.7
146.78112
144.09
142
143.42
141.5744
142.49124
143.03235
143
140.73289
135.5397
136.04673
125.52592
120.56791
118.16086
95.42183
95.74409
120.29078
136.83921
145.13703
170.01052
194.76677
184.02
167.64
151.25963
140.76363
141.70264
137.2637
132.44429
123.14718
122.12371
132.48791
153.33614
171.88887
193.99687
167.72448
132.3774
116.1467
110.86563
110.44059
127.11317
143.83985
150.83982
160.91246
184.54936
201.68916
172.6
156.50139
147.5
140.14
138.1
133
128.3522
124.29
124.41031
132.72
149.6142
186.99
210
193.19454
165.84944
150.20389
136.81707
127.87942
137.44169
139.33622
140.68962
150.21377
172.56
232.46959
162.02966
145.78
139.18279
132.5
123.81659
118.22347
117.21973
111
111
118.23172
140.52567
158.52904
173.09659
155.15148
145.0625
133.5753
116.29988
108.12738
117.13366
131.37347
141.11076
151.98877
166.88613
176.01
153.76646
139.78169
132.5735
121.16008
122.1
112
111.01619
106.25664
107.51273
119.92237
138.87057
152.77347
171.45427
162.12
121.96579
108.34678
100.55983
98.37505
103.60873
118.84531
138.58481
151.88709
185.99
206.01
166.59
140.21
130.65
122.1
102.88974
100.68208
99.06387
98.84359
99.08633
112.92
129.5
139.79
169.94
154.2739
130.2795
127.43264
109.01702
91.17816
99.52474
116.8129
129.00574
131.29415
161.86035
182.39289
148.72
128.98
126.89491
121.0341
110.85016
109.6304
109.5541
107.15835
102.91493
108.72602
122.7273
126.06657
129.27922
121.56337
101.09633
86.80284
84.7885
73.9525
88.11137
89.20534
111
131.86
197
215
197
168.78
136.9
130.17
141.25
135
134.7
130.01
126
129
137.36
113.55
91.08072
93.8
91.67589
86.16826
79.02378
68.78628
70
74.9
85.053
138.49
166.33
203
184.5
178.49
147.88
140
126.77
108.7
106.3
126
108.9
132.98
153.75
154.94961
154.99
151.56229
149.04147
138.12072
119.54699
104.55997
119.52497
136.99266
151.55566
155.9
220
234.99
184.5
154.8
151.82
143.32
135.68
113.54
84.87424
83.31164
91.13368
125.80328
149.03
149.03
169.9
141.69066
122.98879
118.12
106.96662
108.91429
113.42442
126.20343
142.44612
147.76275
154.02323
194.91958
175.11075
150.21938
139.04778
110.37611
128.71253
117.15408
114.02026
109.67355
111.91527
135.68569
151.04905
168.83788
180.58629
159.48139
131.13195
113.66692
107.41287
102.80478
107.11033
113.23465
139.93573
155.87868
204.02
212.74681
174.51623
154.09767
147.35633
138.26876
126.65392
120.29794
101.38856
101.00743
101.73671
123.63135
148.23
160.07755
149.56085
108.59989
101.43718
97.74168
86.63701
89.1608
95.42534
103.73559
109.93189
145.29164
194.23975
218
198
142.83
141.38
135.09
126.4544
112.81294
107.99466
99.0403
109.32483
122.12974
134.3
139.0774
140.12122
113.77108
90.87069
87.66767
79.2746
79.76863
103.66041
125.47981
131.62154
159.58
190
203.75
179.99
145.23
135.64
130.65
136.45
134
133.25
133.74
133.74
133.74
139.53
140
135.45
131.48
96.91818
89.5623
82.67449
79.13044
87.52111
92.0829
131.48
139.53
195
213.78
200
175.69
139.53
135.64
135.67
131.39
129.72
120
126
128.5
126.47
112.6
101.4437
102.25748
100.254
99.05563
97.32696
94.03907
95.01
98.66725
127.75
133
145
180.24
175
144.73
135.67
130
128.34
117.51
117.8
120
117.51
128.5
135.77
148.43
148.50603
138.99
135.77
133.12
128.63
128.64
131.95
135.77
135.77
140.78
157.19
192
166.71
141.40055
135.77
132.87
130.77
129.53
122.7
122.7
122.7
130.77
134.1
147.22524
145.59986
132.42
127.24
124.31
112.3
112.19
119.09
126.43
132.42
138.72
148.27
190
160
139.17
134.02
130.77
127
123.63
120
114.2
116
126.12
133.5
138.34
135
128.51935
120.43115
115.9785
105.5
112
116
124.08
132.11
144.16015
165.99
195
187
144.7
132.76
127.68
128.69
120
114.27
111.36
116.61
128.35
135.26
161.13
177.26
171.6821
131.71001
124.66251
108.6
104.4
118.09087
131.37585
139.86
174.16
195
209.59
195
159.31
134.29
129.49
128.13
123.6
119.4
115
119.4
130.47
135.86889
140
138.24874
131.91
124.24
115.47745
93.83027
90.76421
110
123.82852
135.34
147.56
161.61677
190
166
138.58
135
126.61911
133.30811
130
120.08
116.09
115.95
129.29
129.29
131.87
130
89.42091
35.40073
19.57525
14.55931
3.02237
4.27098
4.74602
49.58084
130.93
151.09
197
182.31
149.94492
133.01
130.93
132.1
126.88
125.86
116
124.71
127.13
128.72
128
102.25
79.51185
51.03864
32.51833
32.74543
34.76866
34.20273
40.43716
97.3265
133.95
194.77
195.93
179.1
145
131
93.41476
90.90023
84.46442
81.09554
82.03386
116.94022
136.36851
177.88756
212.33375
208.90423
163.81045
125.0418
109.95802
110.30507
115.15973
129.87012
137.69182
138.05672
171.49293
208.93322
187.59828
163.68459
142.0947
129.37615
131.77
120
114.63154
102.11652
95.8797
109.69628
132.8
158.1019
167.17296
128.55306
99.44905
84.8605
70.11153
65.74533
70.10055
81.12043
88.01225
129.51603
146.8
184.42
178.58
158.72
137.92
132.13
130.5
125
125
125
125
126
144
190
195
167.49
132.77271
118.9705
99.01962
82.76766
90.1938
116.53765
124.94937
133.6415
146.45408
181.87194
171.84001
163.33212
132.27
128.51
129
118.64
112.16
115.64
121.44
133.39
154.58
195
220.01
218.73842
182.61998
140.81617
128
121.98566
127.22689
133.6169
134.6742
143.15
198.04
245
215
173.12
135.09
133.05
109
92
93
89
95
113.39
135.85
154.99
190
170.30066
142.14583
130.82472
121.88686
120.17777
116.72421
124.3158
129.32397
134.38
143.9
178.14
169.41
140.92
132.39
120.54
130.48
124.41
123.19
104.5
99
110
128.13
137.42
137.42
123.72
104.5
63
43.39001
36.74689
33.39589
37.17653
44.5
119
137.42
179.89
181.36
164.99
137.42
134.2
132.94
127.24
129.15
128.35
129.19
129.64
138.37
138.37
138.37
138.37
127.17
124.51
113
78
82.33
113.9
126.17
138.37
152.94
186.55
197.45
193.39
179.95
139.5
131
126.29
119.6
113.02663
104.8
115.59
140.67
180
191.26805
174.87
139.17
135.3
132.68
125.11
120.88466
122.00776
133.37
135.28229
140.67
180.26
182
178.36
139.99
134.07
128.3
120.8
117.86052
115.5748
116.38264
128.49
154.64
183.52
191.97108
174.45254
141.13163
126.23164
117.98825
116.87883
122.78292
124.22524
131.91746
139.56679
161.87327
198.80939
203.61848
197.98494
178.36
143.07
144.79
144.79
143.52
141.95
144.79
144.79
180.26
225.2
260
222.47031
175.84155
148.27755
145.48523
145.458
146.03525
148.01287
146.12056
149.99
181.6
221.71
228
215
168.72
145.95
141.9
137.23
133.39
130
129.41
135.12
170
200.55403
217.57018
174.21704
138.83148
134.16645
116.20741
103.65952
117.76109
126.01135
130.7869
138.72
157.92819
200.25095
221.8
205
153.56
145.2
138.55
136.75
134.79
133.61
135.7
138.48
150
230
230
178.36
137.04
133.87
119.5
119.5
125.5
127.98
133.5
135.64
142
178.36
180.26
157.85
139.5
135.955
134.58
130.95
129.27
128.5
128.01
128.01
132.78
131.43
135.00972
132.1
126
113.3
106.53
97.70047
93.85904
100
105.5
124.96559
137.5
194.99
211
180
136.25
134
192.6
138.66
143.03
136.19318
136
135
152
161.43
152
132.94881
139.31
131.61
127.78
115.27
93
125.42
129.97
134.10852
205
235
250
250
235
225.15
126.5
126.5
125.83
119.3
123.2
126.5
129.3
132.25
127.63
126
110
44.7
21
20
10
20
38.48135
103.53
127.15
140.07
151.97
132.38
128.68
120
110.32
108.66
111.4
120
122.84
115
135.59
150.91267
169.71
144.85657
133.63
130.9
115.31
114.54
126.88
129.08
130.74
133.1
138.25
186.37
186.37
157.8645
135.59
132
126.83
123.1
123.1
120
123.1
131.33
185.6
180.99
230
215
147
138.05
130.66
130
131.51555
133.52
135.9
138.28
147.34
220
222
190
138.28
133.52
124.64
120.15
120.15
115.7
120.15
126.64
148.62252
186.37
208
196.11
146.06
138.11523
132.396
129.15819
128.87866
129.92802
131
133.9
145.07
186.37
186.37
159.94807
139.89
134
131.66674
117.7
116.54416
115
114.13
129
145.37
198.99
206.88718
181.87447
142.86405
126.68553
115.00615
109.16
113.75545
118.22408
126.90235
136.7
145.85
207.98
208.29
194.99
159.31
145.32
130
127.7
122.39
125
124.13
128
129.13
154.56
158.96
132.55
128
120.92
109.88
100.00699
97.4
106.5
112.9
124.7
131.9
171.24
188.92
179.99
135
133.79
130
126.23
124
123.64
124
124
124
131.65
128.47
124.07
125.92
125.61
122.69
101
94.83149
101
101
124.03
132.55
154.14
195
157.55
134.05
130.7
128.25
124
122.7
120
122.63
127.6
140.6844
178.7
199.51293
163.14
138.89
133.69
126.18
123.07
125.65
127.66
129.99
134.53
141.14
195.3
205
179.5
142.14
137.48074
135.59
130.28
127.73
127.12
128.5
133.65
139.67
191
199
140.05
130.23
125.47
114.1
113.9
113.9
121.73
127.75
132.61
141.84
203.75
225
199
141.84
136.3
132.72
127
120
119.9
119.9
128.89
143.35
200.81
206
143.99
131.05
125.91336
113.7
111.33
113.41415
123.02
129.45
130.13041
138.76
189.99
205
205
141.84
135.69013
132.19
122.84
116.84
114.53
116.7
126.8
141.21
188
211
187.06
141.70776
136.60971
124.13637
123.90966
126.14561
132.99794
134.52
137.68
161.87
202.32
215
205.03
142.65
133.24
130.74
127.14
122.08
120.70157
120
127.18
140.06
203
209.6
188
132.48
126.43
109.99
107.56
110
113.91
119.4
126.88
141.03751
189.99
200
199.99
149.55728
140.75
168.62
171.69
144.28
134.28
133.28
134.15
164.8
162.25
134.03
119.5
107.23
73.31274
51
34.83919
22.56084
44.73148
79.93918
110.63
127.4
162.25
182
173.76
135.67506
131.11
166.6
130.28
128.1
128.11
123.98
124.02
125.19
120.62
119
101.25
102.47
98.66
99
64.84
61
81
105
110
130
180.98
190.41
184.4
140.76
126.89
119.99054
119.4
119.39
119.4
112.76
113
119.57
133.79798
135
126.91596
119.9967
108.58
98.06642
86.29751
72.71145
67.56395
89.69857
106.13851
119
134.56617
140.48
135.70571
128.37
119.15
107.6
98.2222
95.49427
98
100
107.7
121.59927
134.1
134.93276
116.6
110
92.16708
84.42537
61.36683
56.35771
65.10292
87.64372
95
120.0395
140.26566
144.15611
141.54
137.5336
120.99
111
109.17
106.78
105.5
106.4
106.78
125.16
139.90943
142.61287
124.90695
102.71378
86.04485
86.5942
82.33447
91.14938
92.85459
98.2
116.4
129.87
179.99
199.99
171.75
144.0002
130
121.99
119.45
117.81
117.67
117.53
124.37
143.14
152.3
144.43
123.87
116.01
104.1
94
91
94.14
104.94
109.96
117.52
130
191.17
203.79
179
158.32
137
134.07168
126.58
125.17
122.59
124.45
130
140.3
203.79
190
147.99
123.58
117.96
104.98
97.5
102.24
107.7
117.27
121.39
125.6
159.99
175
160
129.37
121.61
121
118.03
117.04
115.1
112.41
115.85
118.51
122.24
122.39
123.42
122.24
115.1
97.63
82.61
83
80
101.6
115.1
123.99
160.0959
172.26909
147.62258
130.59959
119.84
115
112.11
110
110.06
110.06
110.06
110.06
110.06
108
110.24
110.23
110
113.48
109.39
110.26
104.9
109.1
110.06
113.4
120
135.55236
124.3431
118.49
110.06
114.35
112
110
106.75
108.98
109.5
110.06
110.06
114.8
123.31
121.8
121.61
114.11
105.46
89
88.78942
105.5
109.5
113.4
122
126.82923
127.76
123.31
114.45
102
96.5
90
86.2
88.98
100.2
122.14
128.98982
156.91
159.05168
153.93694
134.69385
122.52
122.14
123.46
124.45
128.62
131.11806
126.62
140.99
156.83
133.91
124.02
121
115.8262
107.5
100.96995
99.5
99.5
107.54121
122.43883
132.19795
149.79765
140.3949
125.37404
121.8065
106.11581
99.24504
118.41519
122.08
123.34216
125.3
131.54
154.96
169.74
150.36
127.96
124.5
120.58
114
105.5
104.29
105.5
114.56
120.73
136.87
130.44
117.18
103.14741
90.87886
76.76294
75.27106
89.60181
101.982
115.47
119.88
125.1
165
180
164.99
124.89
120.66
117.51
112.22
106.08
105.5
105.5
113.42
122.92
136
131.31
116.66
114.3
101.58
83.36273
84.60855
93.74021
103.15845
114.63401
116.42
124
158
175.03
159
125.14
120.14
119.42
115.18
113.79
112.91
110.67
112.9
111.6
113.88
111.3
106.59
104.59
97.6
75.99
55.8024
49.99623
63.16
74.64074
104.59
115.86
143.51
150
125.34
118.24
115.18
110
106.77
100.43
94.99
95
95.06
92.02
86.88
80
82.16
80
81.16
86
47.2526
38.21
51.09
57.6
86.83
103.52
117.18
138.52067
139.38
111.16
109.23
109.15137
106.77
103.37
99.65
103.98
111
118.92
124.76
157.94963
163.97544
160.01238
152.51754
122.16
122.15
129.48938
125.79607
125.83637
123.95
136.55
169.87172
188.33707
170.03998
126
122.15
122.10488
118.8556
116.80181
112.13199
114.46806
116.40452
130.19
147.3
159
166.41
136.77
133.97
116.8932
116.79783
119.25296
120.83358
123.40725
123.74141
136.95402
170.03147
197.19444
169.99983
137.42083
125.36638
117.33523
102.26956
102.25004
99.74892
101.58771
102.07581
117.68326
134.88095
164
170
156.55
140.99256
122.11861
120.44
121.70325
121.63
120.48
119.46
122.27301
146.41
169.78448
129.06254
118.71647
114.16302
113.21938
103.47584
97.22817
95.42186
95.11601
103.26436
118.32473
144.05
161.28565
134.13729
119.5
116.78
106.34081
100.91563
106.94051
107.76838
114.85206
117.41257
123.97082
154.46667
173.49531
153.76807
122.01259
118.22868
101.5564
93.68473
92.12616
91.60143
92.85191
100.70368
115.47682
132.5897
142.71315
130.15
115.51926
111
99.55297
91.83222
95.2333
102.28498
110.48723
113.32949
123.72565
148.3699
162.81926
149.99155
119.36
118.20151
119.39964
112.20931
109.36514
106.21948
106.06469
109.05193
117.01238
130.6097
133.38628
141.33157
110.36
107.52
90
85.37106
80
90
97.4
103.74
111.62487
118.1745
132.87506
127.20539
111.27087
106.7334
105.23177
99.9617
95.23316
93.02929
92.59127
94.45872
93.99561
99.82765
102.58124
102.61675
95.17281
89.57634
78.66604
66.03705
71.59237
71.64221
61.1073
85.04921
102.71376
114.49598
129.11282
127.10715
116.94665
107.73
110.05
101.99459
100.38
101.32
101.65
113.22835
126.0375
156.74708
147.37237
130.67459
117.78944
109.79743
101.83211
97.25
95.00644
98.11556
98.59377
103.45025
113.00292
115.5
115.2981
112.71934
109.43744
95.1
85.6
75
75
71.74
75
88.4
111.74
124.435
142.82585
127.81602
113.19488
109.73815
98.41701
94.84516
97.22487
99.22864
105.44256
106.74266
109.45264
123.18137
130.22876
121.76012
111.74332
97.23061
100.08
100.26
93.52
94.1
88.5
95.06
108.45
124.4
149.83094
139.01402
123.63162
110.11115
93.29083
88.71402
99.17749
102.19341
108.26119
123.19837
139.45
144.21
151.02511
136.3375
117.39854
112.93936
109.62787
102.53145
102.47043
102.48497
102.44916
104.39579
113.50096
121.94598
129.83
115.47293
109.42
102.34654
93.85
94.53571
96.18587
103.81594
110.16654
111.08
122.2553
139.17123
141.83105
122.58084
110.62729
110.5
113.89353
101.03829
96.1
96.1
95.7
103.34
112.86
125.46712
142.19549
142.89498
124.63597
113.3186
102.31279
101
105
106.66376
109.98578
107.21836
119.95599
139.48271
143.40339
128.50405
110.44
106.35579
101.47124
98.66463
96.26277
90.31
86.66864
88.64757
97.91904
95.52776
102.15573
112.74
107.17683
101.24672
99.19923
95.69407
97.46837
100.64746
104.96
105.46129
111.66192
117.77829
123.30179
111.46368
109.36361
105.68894
97.84274
90.13714
82.14977
80.39514
78.94786
82.12941
77.50405
61.4012
41.87504
30.77811
18.85824
18.83838
17.60406
9.10137
17.11652
34.8615
37.13876
46.55352
90.82399
105.36919
116.3
111.70489
107.04086
91.14268
93.07635
91.90572
92.63945
94.87128
93.93946
96.68478
113.12148
120.95263
114.70573
109.14
100.33378
91.53864
80.52498
81.47269
92.63509
100.37108
107.21606
113.05632
120.01258
139.94385
150.62336
129.80014
111.8748
109.48
99.86736
95.61987
93.12958
89.82714
91.25334
93.98593
109.31666
124.67
123.50169
111.931
101.36643
98.7895
83.61
87.28414
99.98306
101.47184
106.70719
111.53
131.48425
149.70877
157.98114
127.74
111.55404
108.13
104.91
96
90.1
93
95.6
101.1
107.57
122.17585
115
107.87
100.36
97.69
85.16
86.27
87.95539
100.8
105.8053
109.64039
112.66919
148.41456
162.13649
144.72115
110
105.81595
101.62103
93.48095
89.89741
88.38617
89.80047
94.7869
114.16066
122.41727
124.33342
103.68
97
94.69
75
75
85.47
98.14
102.79
102.79
103.94
123.26
133.72
122.80388
102.79
97
90.97
81.46
80
77.14
77.8
84.18
100
104.16768
103.25
97.68
86.2
81.2
66.36437
67.2
79.53
88
96.49
100
103.31
116.62
132.1
115
100.03874
93.91473
105
97.92
93.90194
86.97326
86.97818
87.13776
86.8113
93.16533
93.28
77.46
51.13
15
10
9.22
9.99082
10
10.8
60
90.27934
109
125.9
115
99.82645
95.06393
87.09
84
81.92393
77.87354
77.86141
73
67.76867
72.53
60.62955
24.75665
14
15
10
10
10
14
51
72.23
88.2719
108.95197
125.15652
117.59849
109.92726
89.42
85.68
75.0388
70.73046
72.33536
70.43725
73.19144
87.41
93.11
94.99
90.43
85
79.1
60
53.9203
73
85.21
87.53
90.3
92.82
117.4
130.4387
114.79233
95.05299
89.87415
87.53
83.83
75.5659
75.56503
78.71
84.15
95.98661
116.66
108.64
92.3
83.83
84.15
76.14
78.5
88.65
89.76
93.11
93.11
100
124.99
144.99
120.66
98.52
89.65336
86.58
80.6
78.5
80
79.89138
86.52473
96.45
110.39
103.48
94.97
86.83
88.48
77.48
77.48
85
92.01
93.47
94.97
97.04124
120
130
108.80324
94.97
87.30598
92.68
84.3
82.09
80
80
82.3
94.66
118.07
115.72
94.9
89.32
89.87
85.58
85.58
92.04
91.81
95.06
93.55564
96.01
120
132.14701
109.69482
95.40739
91.23
83.59
83.59
82.75239
82
82.9
85.5
84.9
87.79
90
84.3694
72.08874
63.14546
56.05894
64.9
50
75
74.62604
76.62434
85.9
97.4
114.88312
105.79638
97.11564
85.06
84.94829
80.3
77.78784
75.2
76.56589
77.18644
78.75
85.3
82.63
74.76
68.98
51.8
31
27.3
50
30
34.63
69.5
89.88
111.74509
126.10634
126.21523
106.85794
89.16
85.3
77.7
77.69
75.5
75.5
75.5
69.25531
64.99682
50.80691
30
20
20
20
25
27
20
20
34.50042
78.2066
94.3509
120.76262
111.72303
97.3
86.97793
78.98789
72.0014
72.08586
70.64919
72.21301
83.95
89.51
110
118.2
120
112.67
112.06
89.25
89.22
100.86
100.86
96.31
89.22
95.12668
113.31
120
112.27047
100
88.76
80.25673
77.97341
78.76322
77.90779
80.97
85.35929
89.99
100
106
94.9
86.20991
83.91
76.82599
77
83.54
84.07
84.99
88
93.25
115
127.78
108
96.56
89.99
88.8
85.2
82.3
85
85
86.63
95.96
115
114.14
98.26275
93.01959
86.6
79.94844
77
79.8
81.81
87.62
91.7
96.72
115.94
124.67
115.66
100.5
94.9
93.93
89.26
84
82.81
82.92
84.01765
90.7197
98.5
105.99
94.17
87.33
83.06
75.39
77.24
83
83
84.1
86
90.14138
103
114.01
104.13308
96.58424
91
95
89.7
84
82.45
81.38
86.6231
95
103.97246
103.93925
97.37
87.67
86.17
77.79
77.79
84
91
95
95.87
95
104.11997
106.45313
104.11997
97.48
85.99608
100
97.29
95
91.15
91.38
90.97
90.15
95.80022
99.91818
122.15
106
96.17
96.75
95
94
91.47
93.48
95
95
112.61231
121
106.96932
103.59922
96
94.69934
93.68546
95.67036
93.6366
91.81378
93.78
95
102.24
95
82.09
70
82.09
93.78
90
84
93.78
90
84.28
89.78
101.03
113.82321
120.61604
111.81
102.91473
95.50417
90
85.0239
92.44
92.44
96.44
105
119.44364
124.39216
106.00652
95
93.6
90.5
89.23
95
93.53
95
97.6
109.6757
129.01
131.01
116.92532
107.02515
98.09847
98.11
97.4
98
98.11
98
98
105
119
120.54857
118.8
104.9
104.66
96
94.23
101.91
105.19
106.1
105
105.57
124.04
124.04
114.74737
105
99.9
96.28
89.57
86.98423
86.25157
87.79
94.47
103.18
122.42308
128.30285
122.37263
120
107.66698
102.54296
98.55148
104.47
102.84
106.11644
105.13624
115.01429
138.86021
140.32005
123.04
114.21275
105
107.12105
102.7717
100.61799
100.38154
100.36647
110.25
112.99
125.28
140.06892
116.00195
105
98.01834
92.24
90
92
93.07
96.75
104.9
125.3917
144.7
147.99
142.09847
129.99
119
126.16
121.5739
115.55797
112.65625
115
117.72
132
149.83
141.81638
124.60842
103.95286
100.01701
81.84707
78.84053
78.12018
78.89274
93.9018
112.15724
135.35403
161.09925
175.07468
165.52116
151.71825
138.18
130.81
122.8
119.97457
116.39136
111.05939
110
110.24771
108.01
101
95.6
85
75.37
75
62.2
53.48
62.4
85
101.52042
115.31
137.79098
146.96797
144.77
142
136.65
126.78
115.3692
109.66199
107.3
106.56
106.56
99.71
105.46
99.31
98.95
94.05
94.05
80.57
50
55
49.14425
75
95.60485
112.99
138
147.96018
148.51217
140
123
116.81
113.56
111.52
108.32285
108.40593
108.07
115
137.32
143
140
117.55
114.8
106.89
106.5
110.92
113.9
115
119.18
136.99957
167.77
165.08102
149.99
142.86
129.17253
120.8
110.2763
104.18501
101
99.45
102.64
111.89
126.21343
141.92516
125.57091
110.76896
107.57917
97.89057
98.53587
99.38
102.57451
110
118.5376
140
160.59
165.08
150
138
120
119.7
110.70299
104.7
103.88911
104.28
106.98453
123.4
140.7683
145.18293
127.74
124.70644
121.04787
106.00958
106.8
119.41
120.16174
127.53275
124.76697
141.82271
171.55297
191.40208
170.01682
157.26955
137.67802
131.37427
123.05
119.66
113.68
107.01548
112.6
125.52
143.38296
149.28908
130.11683
124.3
123.05
115
116.5
122.06
124
130.95
129
137.3
157.43142
159.73
147.18232
134.34215
122.76
121.97
119.47
114
103.25
101.83
103.77
115.08545
128.7
131.23191
124
128.28
123.77
112.5
114.10305
119.57261
120.80645
123.92245
119.47
118.76161
133.01536
137.1
134.95966
128.69
121.87
117.27652
115.6
114.21
114.63
114.55
114.25
112.48
112.48
111.06
110.14
107.88
102.2
105.73
103.26
103.11
100
100.47
100.9
107
123.65641
135.30857
139.21417
129.61728
118.30893
118.09709
114
105.82
102.82
102.9
103.45
103.49
104.57
103.49
103.12
98
79.36001
71.9307
48.24711
41.48155
50.14
64.86
80.9
103.03802
118.5
128.59
140.26388
129.69
118.75901
115
110.2
106.71
106.52
106.52
106.83
114.47
130.66
122.6
114.47
109.21
108.58154
101.76
100.69372
106.39641
107.98483
108.88
109.52
118.06
145.87
146.99
144.87
129.53068
118.65666
113.82
110.25
108.17396
107.37606
106.70789
106.49331
115.29331
130
126.99806
141.22
117.17
117
111.66
111.6
115.96
120.77
124.3
115.96
115.91
131.92
141.65485
137
125.0628
116.16341
112.02459
110.48307
107.23
97.65451
97.44022
98.14325
113.05969
120.79
128
131.32
115.3
117
109.14
108.31
113.23
117
125
117
130.14244
153.98323
160.60319
150
130
121.1
119.46
110.06
107.33
102.9
103
106
113.97
130.18161
130.31126
133.22
120.87
129.82
108.14
107.02
111.22
111.77
112.1
112.03
126.81
159.2
159
150
124.76
119.99
115.78916
110
104.63
101.8
101.8
107.19
121.62118
134.45284
140
160
150.01
150.01
110.44
109.98
113
112.98
113
112.19
113
125
126.69214
117.16486
112.3
109.47
113.40858
111.23
110.76
111.88
111.23
111.23
110
109.23
108.94
111.23
109.77
101.56
70.04
70
80
69
70
98.11
109.82
118.59
130
113.61
109.23
108.82
115.48
112.51
111.17
113.48
112.51
112.51
110.79115
112.51
109
102.19
93.21
92.3
102.64
95
93.21
97.02
102.77
63.95
113.69
136.55551
139.08199
145.30958
143.67
118.55
114.13
113.24
111.04
105.95
105.5
111.21
114.45
116.45
118.82
128
118.07
117.51
108.82
106.32
110.24
115.18
118.46392
115.69
117.51
119
126.1381
129.14989
122
115.14
116.53
112.64
111
111.78
112.09
114.13
119.28
142.42
148.82
160.9
148.07
137.09
125
125.86
132.77
135.3
148.46
141.3
142.32
161.1
165
158.63
139.81692
124.09
118.11
112.74
110.54
107.26
107.26
112.32
112.74
124.32
122.67
115.56
113.83
113.76
102.58
102.58
110.5
113
113.76
113.13
116.44
131
136.45293
132.27862
122.79179
115.11
112.47
110.61
109
108.4
106.49
106.51
113.75
126.85
124.85
115.88
112.54
111.51
99.5
97.02
105
109.94
111.67
112.47
117.98
139.99
150.46377
140.57311
129.85
118.97543
118.21
117.9
115.58
112.97
112.62
114.97
119.21
124
120.65
116.58
115.58
114.21
108.65
105.38
112.31
116
117.12
125
126.73
147.77167
162.97451
144.02626
124.85
117.9
112.1
116.98
110.42
109
109
107
108.64
107.5
107
106.5
105.58
91.89
80.08
70.6
65.2
65
99.93
106.5
109
132.69985
140.95235
140.63212
135.65354
115.91801
111.98905
112.173
109.11
108.52
106.4
105.49
105.49
104.4
100
91.41
85.58
85.32
87.53
83.53
65
65
87.53
105.49
106.5
130
142.10421
149.99
150
125
113
110.64
109.41
105.4
105
105.49
114.92
126.87
134.27
119.28
116.85
114.25
113.92
114.11
121.13771
123
132.6
132.49
144.04688
165.49417
173.42
165.42
160
133.7
124.40584
115.21
110.71
110.64
109.66
110.64
118.81
125
120.94986
115.16
113.97
112
110.64
111.5357
114.11
115.55
117.9
129.99
140
167.58
169.99
156.25488
129.99
116.46
112.36
110.81497
106.19585
108.49033
108.10176
109.47973
111.85
118
120
126.67
123
114.83
111.12318
111.26
113.61894
116.90111
123.00621
124.98
129.99
146.91357
149.99
134.44
123.79
114.2
106.62673
99.95315
95
93.26416
92.99572
96.1268
107.28
117.84547
119.1
113.85
109.99
108.21
104.37911
102.62049
106.70721
108.2748
112.11994
114.65
115.82
134.20396
145.20151
139.88315
130.13374
117.7183
101
96.92
94.85
93.18
94.55
96
101.33
104.78812
102.18
100.2295
99.95
99.36
96.16068
96.25405
98.3302
101.01771
101.53357
102.18
105.6
118.00778
126.43
121.17556
103.6
100.47045
105.67891
104.92
102.1831
95.92
100.32053
99.2
98
100
100
91.75
92.71
88.95
87.2
87.2
87.2
87.95
92.92
98.83
106.82205
140.04073
143.49209
147.50882
122.57236
112.1083
130.9
111.81574
106
99.1
110.9
104.17
115
104.39
101
85
79.61
80
85
81.09
80
88
93.04
102.9
125.38
144.53
165.27965
161.97
140
121.9
107.26
100.2
96.33824
96.31
95.2446
96.76169
110.31
109.5
111.65052
103.84
103.1
104.43
100.79
101.77
105
112.91527
128.34215
133.68454
138.94895
163.84511
170.82271
164.75276
137.29055
121.11611
104.13
101
96.84
95.0601
95.05929
95.52573
103.09
108.65
108.91725
110.85926
104.60227
107.10908
101.18736
102.27369
111
118.11604
131.92637
141.4
160.01777
180.85
188
166
139.25541
115.15
108.11
101.99342
97.24897
96.36976
96.62
100.26
104.64
117.19
118.15
119.75
110.64413
109.99
104.87
109.99
123
141.5
154.5
160.5
192.68
205
195.80966
170
136.79599
115.95349
105.59
102.88832
95.89952
93.96525
92.78009
95.68654
103.86819
109.99
111.45
116.62
109.57
114.99
104.1
104.95
120
122
130.65
140.1
142.37095
168.69483
182.66416
158.00717
132.79089
114.57244
107.06
106.39386
102.58948
99.61554
100.21131
102.15285
109.43
108.62
119.76
110
110.28
111.89
102.76
102.76
108.2
109.18
115.12467
123.60438
133.44292
145.33157
145.78693
132.75121
119.89807
110.42368
108.04674
107.77
103.74
102.08
101.89
99.38
102.3193
102.08
102.89
104.89
99.08
95.36
93.29
93.71
92.09666
92.05084
95.72
103.69
126.72386
133.48969
141.56231
138.46446
123.02132
111.21957
117.81
110.706
104.85827
103.4
102.69838
99.11
97.78
100.66
99.99
98.23
95.29
90.9
89.55
77.22
86.36
91.22
96.82
99.49
108.65868
123.44877
157.21602
161.7
128.29451
120.20568
106.96241
105.73241
99.94401
93.16181
91.16221
90.08
102.46
111.89
114.89
111.01
113.85
110.5
106.85
106.99
111.89
122.00548
125.1
136.72016
144.22252
149.13891
154.74437
141.21369
124.6919
113.37433
109.86
107.75
107.46
104.87
100.0036
100.85
108.73
122
144
122
120.69
120
107.75
107.75
109.24
108.73
109.24
121.00569
126.27385
153.09639
138.87824
134.36385
118.24315
114.83466
99.03931
94.77074
89.05684
90.99269
82.73672
86.82789
101
108.65104
111.15
107.85146
101.53039
95.19667
91.5
93.23
95.5
101
107.15762
109.8
111.02
126.03
132.59105
132.5361
111.69
112.24655
112.05
109.65
106.63
104.99836
102.06
102.35
108.01
109.05
114.57
108.07
106.79
104.75326
95.12
99.94
102
108.99
109.65
111.96
124.24386
141.59
152.35902
140.97835
118.77677
111.98245
109.27447
107.87865
105.5069
104.464
103.1685
105
102.21553
111.13545
112.98549
107.87
101.11
101.11
94.30727
91.46
101.05
102.35
104.08
106.37611
109.01024
129.25
132.19267
128.46156
115.72697
105.99111
103.09
99.37571
95.41084
96.74
97.48
95.74
94.4
94.1
93.74
91.87
89.39
82.5
79.81
70
70.67322
79.35721
84.1
91.89
101.99199
121.99405
123.50442
123.95716
108.79358
98.52197
96.38478
93.13968
93.12437
92.73539
93.66582
92.26354
87.46
90.05
86.78
80.1
74.39
50
40
40
40
40
44.06
80.1
93.2
98.4
114.36465
115.45655
103.7247
95.43
97.19
91.7
81.91
79.4
78.28
81.91
94.13
99.96
105
100
98.15
98
94.2
94.2
96.77
98.38
99.72
100
107.97
128.04953
129.95021
127.68318
108.90709
102.8163
101
98.48
95.81
95
94.61
94.04
100
105.23
104.81
101.79
98.07
96
92.05
88.5
93.98
97.44
99.53432
101.79
105.58
115
125
112.77207
102.54544
96.43953
99.16006
94.59
88.62
85.81
86.1
91.4731
100.96
115.2
119.48
111.1
106.53
105.24
101.88
100
103.01
104.06
104.59
109.87
118.87
131.9
139.13
140.4
121.38
112.5
106.4
103.22
100.87
92.18
92.39
98.07
102.84
120
131.9
113.4
103.56
103.11
100.77
100.36
101.95
103.84
108.42
115.5
138.53
138.8
144.29687
135.4
113.71377
110.39955
101.2
98.33468
96.48662
97.79
98
99
101.29
107
118.75
112.92
107
104.43
100.3
100
102.6381
104.35
105
110.5
118.00758
123.96
129.18
121.07
105.62726
99.21
101.55
96.83
93
90.29964
90.33
90.53873
94.1
96.98
99
96.98
98.43
97.26485
97.46477
96.98
94.08
95
90.33
94
104.59
118.523
122.5486
118.61615
99.06658
98.15
101.09
97
96.20616
95.68
95.53
95.35
94.84
95.6
93.92
90.33
80.43
45
40
40
40
40
60
81.01
81.8
97.92
98.74
103
100.07
98.15
98.71
96.57
95.45
95
93.44
95
95.57
96.57
94.53
90.8
81.49
75
75
72.78
60
61.1
82.3
96.57
99.92
115.79641
123.20519
124.97495
110.8
100
97
93.48
87.69
87.69
87.55
91.34
95.42296
97
95.03
83.88
80
70.42796
50.09338
45.69
48.9
50
74.21
88.8
97
100.48119
113.36104
105.19618
100.05703
95.12
98.56
96.66
94.59
94.58
94.73
97
98.16164
110
106.43512
99.66
93.6
85.69
81.9
76.22782
71.93
79.38934
93.6
99.66
100
122.12351
138.56582
131.1927
122.47
100.96
99.13
96.5
92.5
92.5
88
95.53
100.5
103.90392
104.19635
98
95.72289
89.3
82.93839
75.25753
76.63479
81.22363
93.32
97
100.42
123.85911
135.42094
127.75236
115.19025
102.86164
111.03538
108.99
106.92
105.21
104.87
107.11
109.47
114.88
114.98264
106.92
108.7
107
105
93.22
80.2
70
86.22
105.14
111.05277
127.63036
139.55738
130.36
118.49061
109.47
105.2
98.13998
97.57
94.36
93.90918
93
93.47
100
101.94
93
88.61
71.36802
54.90428
43.49
41
60
70
92
102.57
108.05
119.23674
112.99
109.29366
103.52
108
104.82
102.87
102.87
102.87
102.54
98.43
102.87
103
97.51
90.82
75.4
66.44
54.38
52.67
78.74
98.8
102.87
108.22
124.61
148.62
148.62
136.98763
116.17
99
97.73
97.73
96.5
95.76
97.18
103.2
108.66033
104.77
99.24
98
99
97.73
95.2
96.48
98.83
99.99
100.35
111.3
140.1
151.54049
132.68591
110.9885
106.78
109.11
103.89
102.91
100.19
102.37
105.13
105.13
108.99
103.77
103.83
100.86
96.04
92.25
82.46
86.62
94.15
103.14
102.15
108.72
123.58
139.65112
133.16912
125.25
107.89085
106.76475
99.81
96.95
93.46
94.23
97.5
107.35
118.8
127.8676
113.21232
99.91614
95.20723
91.40715
87.89412
88.12379
94.16465
98.22098
108.88
126.81902
153.27116
157.60555
140.05775
121.99649
113.13838
114.56646
110.69339
107.88487
105.99322
106.96039
106.14382
112.97544
125
121.09
113.39111
101.87155
95.26328
91.62
89.97682
89.98089
92.32
99.45092
113.10734
121.36385
139.52365
145.08644
136.78496
124.18591
114.72318
113.69236
111.14417
104.45786
108.83502
108.98068
109.48728
113.8
117.20747
114.7732
114.22204
111.15703
95.55207
88.06243
85.28534
86.43949
91.21338
98.71715
113.75669
129.87117
153.99157
155.38552
131.08565
115.50348
117.0534
113.44603
110.68502
107.0521
104.5643
104.36355
105.54066
106.30439
104.31246
103.67596
91.99896
83.51
70
73.28213
55.38265
54.44311
54.42684
99.51022
102.27622
121.3554
136.91753
146.22058
139.071
125.79511
115.7524
116.93572
112.7512
106.15045
104.87
102.14
102.94
101.83
99.69219
98.99181
91.51158
76.18724
49.87667
45.29553
44.74551
44.71339
48.25523
80.92668
100.52374
111.12786
128.8
139.97115
139.54
128.0337
114.35118
111.95112
102.11
99.78866
96.97
97.46
103.3629
108.70385
125.39718
131.33616
115
103.99
101.53539
101.16045
101.16014
104.98
105.11
109
120
141.53065
180
187.85209
166.1
136.01
115
119.63112
124
119
111.86365
110.77984
115.89364
133.4708
146.39142
150
122.19
118.46
117.11
117.34
117.17
120
121.18
135
147.39
185.94633
216.29169
217.35772
180.18099
145.8
129.67449
134.72
138.92
128.36
124
126
126
140.62375
161.18354
157.40968
136.5
124
123.82
124
127.23
130.74
145.36425
161.8
168.8
225.5
254.72873
254.81012
240.79
172.82
138.66913
164.72
141.5
134.03549
131.9432
130.01122
131.52811
139.99383
161.19467
160.44578
137.78
133.78
133.78
133.09
136.73
144.5
155.45
170.01
184.99
231.61604
265.13149
250
227.4
173.5
141.5
140
123.99583
119.24
115.33
115.52636
117.45963
124.66118
135.11985
139.42
129.81353
116.67
115.33
117.54874
116.8
121.37
122.07
141.1
164.99
220
231.8
222.47504
208.39281
148.68152
127.05854
131.24051
132.5987
119.72612
120.6142
121.11
117.89
115.23482
115.08497
113.35645
112.33
101.80678
101.83208
109.8873
104.24915
112.87452
112.4544
110.43
124.94
149.33171
188.76964
189.92064
149.26373
123.1187
114.28
124.93203
126.73538
125.32422
115.66319
113.4331
112.79704
109.11639
108.98977
106.13891
108.34924
107.52508
102.57388
106.66
104.65036
103.82744
102.8667
107.81
110.33
127.37622
154.80859
172.9388
145.1999
119.50956
114
115
108.69101
105.91801
99.72763
97.83406
102.7457
114.93084
124.51
140
122.60408
116.34097
116.57479
113.26034
112.02568
113.80182
119.96827
125.84288
123.18929
133.88739
145.78
161.65
138.08473
123.72
112.55331
108.60972
106.77583
100.79284
98.50622
100.95482
105.61872
120.94
147.14
159.77919
150.01
128.0431
132.90663
113.0093
111.45934
113.43139
115.65806
121.22129
129.99
136.97373
160.01
156.14564
138.11047
125.36644
117.8412
105.8
100
96.36326
95.84
95.79
101.41
123.99578
126.64
129.7783
121.86
104.43209
100.99669
92.89144
87.21513
90.34475
94.54339
105.25848
118.47806
125.86
140.94
142.39
134.4
119.76946
110.3325
114.54
114
112.41
112
112.1
115.27
128.9447
152.29
154.1
129.05507
115.07539
109.75761
108.06479
105.33413
109.24542
110.75728
113.46876
119.09
143.86452
162.49536
168.07424
146.79587
123.70512
115.74121
110.26891
109.57
109.51
100
102
103.64
112.05263
128.85
136
120
113.27
110.21
105.66552
106.66
108.58
110
111.34
115
138.89781
155.9
159.61115
137.12493
118.72497
114.95496
107.4553
102.69784
100.76215
99.68
99.92
99.92
100.27
101.09
100.18243
99.45
90.82
78.02675
73.8447
61.26077
53.91916
67.68003
78.16357
98.58393
109.26002
131.54864
137.37528
115.39118
105.64317
100.65
105.28
101
99.97213
99.08772
99.72
99.61
99.85
99.83
94.82
85
78.1
85
92.89
76.95497
49.00003
45
53.65505
92.66808
106.5
121.71702
133.70268
117.74902
108.2
100.19
98.68
91.5886
89.66523
87.32614
87.76
96.12
106.75
133.95
124.44832
106.31196
100.96924
94.24593
86.94394
83.31739
84.38515
94.49959
100.27353
103.45299
116.14388
142.88984
141.74895
116.2007
101.3156
96.65877
97.91072
90.26772
87.40594
86.99545
88.14961
96.02997
107.19644
120.49062
125.52515
109.87057
103.35389
97.41414
86.92618
80.98019
83.0945
93.9437
97.88262
102.74706
124.05195
151.27723
149.22956
121.69162
104.13503
97.76476
99.80161
92.44443
87.45788
87.8047
87.13808
96.36632
115.65605
125.54522
119.19312
102.25892
101.00929
90.64478
82.50978
79.15319
84.22618
89.99866
97.23
102.85551
145.83
182.52269
166.04442
123.12503
105.5
102.16
100.29
97.46
96.41
94.95
95
96.41
112.88471
130
132.59
107.27025
104.08509
101.32059
95.2246
94.90467
100.8241
101.80766
102.94882
107.87225
133.53
167.26545
149.36
124.94
107.97
105.89
108.2
106.2
100.16
95.95
95
95.96
110.1
131.43
124.60275
111.30051
105.13841
102.81706
90.05757
88.50194
92.23301
101.98728
105.97944
107.9
130.1
164.05036
159.99
132.08
113.93159
105.98
105.2
102.46671
100.01
100
99.67
100
103.73783
103.88603
104.76
99.16
98.61
89.2
87.83
65.3
52.23
57.8948
83.67
99.46
120.73699
152.2648
153.69851
131.78
110.9
103.1571
112.08
109.18
107.56
106.95
107.6
107.61
105.56
109.65
105.56
94.81
96.11
105.56
105.56
95.3
85.52
84.08
90.5
103.08
120.30175
146.5
148.44454
131.57
113.93475
106.9
110
105
97.69
100.46
100.46
110
123.17
152.08
136.44
115
110
105.78254
98.23
99.68506
102.25414
112.52
113.81
132.00616
186.59
227.26
194.7
151.4
131.41
119.93629
113.36
115
112.52
111.87
110.51
112.52
136.06
140
142.89
123.21606
112.86
109
103.5
105.5
109
110.9
112.58
129.85
166.59
195
179.46139
136.62325
118
118
121.92
120.27
119.11
118.09
118.09
120.01
128.73
138.69614
144
135
129
129.84
119.18
119.11
121.66
121.84
123.8
125.22
146.99
164.99
151.41
125
118.09
116.13
114.84
105
101
99.6
100
104.74034
122.79
137.68
150
126.38
120.39
119.52
115
115.08
117.8
121.05
129.02
132.61656
169.6
221
181.27802
132.80202
120
118.97
121.01
116.64
115.04
115.04
115.04
117.18
136.63041
146.82763
150
134.05
131.53732
121.87418
115.34183
116.23506
116.79
119.81967
124.54
132.32003
163.20295
194.1376
162.78232
131.26805
118.41342
119.21223
115.97544
114.38143
114.56099
113.72323
114.25005
113.72883
114.57
123.44
135.52
138.93
120.31
113.61
107.5
105
109.76274
106.19
110.95
115.6
130.43998
170
145
120
113.18
111.91
115.12
115.2
113.26
112
111.98
112.96
113.46
111.61
112
113.27
111.09
100.61
88
75
75
74.99
100.07
112.25
123.10606
146
143.17
119.68
113.18
111.94196
110.95
109.77
104.13
106.07
101.9
109.71
115.92
132.50803
143.17
140
130
126.63467
113.96848
114.72016
123.27079
122.33936
122.71
129.31
138.12
159.63
143.21
122.57
112.47
111.18
115.67
112.18
111.37
109.77
109.71
110.57
116.6
135
165
150.5
133.23
115.9
109.71
106.05
111.37
113.98
118.47
134.23
134.99
174.99
146.16185
130
114.13
111.37
114.72
111.24
110.51
110.66
110
113.06
124.99
124.99
147.75
150
135
122.41
113.44
113
115
118.6
130
140.31
150
195
155.77912
125.99
112.63
109.75
110.2
108.64
105
98.57
98.57
103.76
117.02
121.25
135
130
128.07
117.19
108.24
102.1
108.08
111.82
114.01
121.63
141.41
181.00667
147.16267
117.14048
110.22
111.82
113.8
106.4
104.88
104.88
105.04
108.45
124.36
146.34
161.21
150
133.51
125
113.86
113.86
113.86
117.36
116.91
125.17684
132
155.65221
136.30056
118.12421
113.86
112.49
118.01
115.26
115
112
105.42
115
120.82
115.97
125
122.6
115
107.56665
92
84.5
86.78402
96.84632
109.95894
116.43545
131.7737
155
145.12
128.47
115
115.5
114.69
111.2
110
104.46
104
111.2
115.63
117.33
117.33
111.2
91.3385
73.52
40.591
10
10
48.99
50
104.86
129.0974
155
141.95
117.11
115
108
107.82
90.93
79.9
78.9
78.9
98
119.6
139.15
150.13
125
117.24
110
97.31928
97.38915
105.28319
107.25253
112.79
120.5
130.07
149.87769
156.59
124.9
119.2
110.02123
114.08
107.98893
104.934
104.58
100.79163
107.98893
125.74
140
149.36749
138.03833
111.56929
106.31665
91.05166
81.89679
100.8095
108.42846
123.57
127.67
156
179.88
160.34257
127
123.57
119.24
116.81
107.98
102.45934
105
108
118.51
137.77
170
175
145.79
123.19
115
100
95.93392
107.5951
114.23
118.93
129.36
163.6
195
150
131.43
124.99
124.61
107.7
105.52
99.1
96.8
95.93
99.35
114.87
126.25284
129.5578
117.98
115.1
107.35
89.16
88.6
94.11
105.78
114.98
124.36
140.5
162
143.47004
120.0627
115.1
110.18873
115.37
111.46
111.46
108.63
110.55
111.46
123.61
163.6
168.7
155
139.89
121.66
109.55
107.70289
112.36106
116.37
119
125.00204
162.7
194.99
165
138.02
120.61
116.37
121.32
116.5
115.38
115.03
114.73
114.82
115.85
119.05
138.77
116.32
110.03
94
84.84
42.5
21.29
82.37
101
116.32
146.64
170
160
135
119.61
118.61
107.81
105.81
104.61
95.18
95.18
99
104.61
104.61
103.94
96.32
83.22
85.01
81.71
31
15
48
62.73217
104.61
120.05581
146.5
137.12
115.15844
109.31
105.86
103.63
93.16781
93.4
92.01569
99.46
104.15
124.97277
143.5764
149.29087
126.74169
104.80244
96.91097
80.6422
81.70895
90
108.67848
117.67243
129
183.76421
209.79159
172.96314
124.18
119.34
118.24
117.16
119.5
115.32
114.82
114.95
119.5
166
181.11823
200
165
122.69
117.79
108.89
110.08
113.69
121.41
130
145
166
199.83723
173.68051
132.55218
115.98769
119
110.08
107.96
103.9
95.84
98.73
106.73
112.47
138
157.76
123.19
110
105.59
95.2
94.9
105.29
108.8
112.67
122.88
149
196.32344
144.22621
112.54887
110.30489
110.08
105.79
104.03
101.35
101
97.26
102.52
113.68
132.93
145.4
113.93
108.11
103.83
91.4
89.99
97.1
105.79
110.23
119.2
155
190
139.51441
111.3189
108.11
107.56
117.5
113.68
111.73
112.76
113.44
115.37
143.68
165
170
165
121.44
115.53
110.23
108.32
112.31
115.24
121.44
144.1
165
189.83895
151.66837
120.1
112.67
113.32
141.39113
125
118.33
115.08
110.25
115
146.1546
164.43908
151.73345
128.1
97.28
96.39
96.39
93.94
93.94
96.39
101.36
121.72719
156.43326
167.33043
159.49219
154.13336
130.32226
108.19
108.28008
108.88032
101
100.06
98.13
98.13
101
100.06
101.14
99.5
95.15
95.15
96.56802
82.7
60.1
70.85735
85.78301
109
116.9
156.13681
131.84673
110.2
104.42
98.13
107.23
105.83
103.75
97.01
97.22
104.71
118.32131
137.5769
154.2
130.16991
113.75688
107.01
103.04801
102.73184
107.01
115.77
140.38
162.31
202.13221
221.7
184.50036
145
120
112.7
118.23
112.95
110.56
109.95
109.76
114.2
134.41
168.6
188.45534
158.27
126.01
123.71
113.02
112.95
123.71
127.77
165
188.9
197.01056
211.31158
168.39742
134.24629
126.94
125.88
136.86
135
131.36
132.46
133.85
135.26
170.36
179.72
190
180
138.15
133.85
117.08
121.48
130
133.61
140.69
169.4
190
216.63847
180
147.2
136.59
135
135.42
133.66
132.76
132.4
131.08
133.15
144.29
161.59
173.43
160
138.35
133.98
125.38
125.21
128.25
137.11
140.67
154.31
190
226.2
169.75558
144.74338
139.78807
138.06
144.88
142.1
140
140.58
140.58
143.67
170
199.60624
183.9
182
155
143.85
138.84
135.34
140.58
145
164.11
162.18
191.13156
216.22757
171.60993
147.11325
143.74975
140.58
161.11
153.61
150
146.42
147.9
147
150.67
164.36
178.8
163.46
152.22
145.97
128.21
141.6
134.86
143.27
149
155
180
183.98
161.59
149.44
146.14
145.17
147
146.55
146.55
146.55
146.21
146.55
147.9
151.15
149.49
151.15
146.55
132.31151
107.63501
90
78.38372
104.30484
142.33
146.55
151.15
163.98
155.22327
151.15
147
144.46592
157.91
156.47
156.47
154.82
148.83
148.83
166.39
177.39
187.26
190
194.99
177.35
156.47
156.47
162.61
190
190
190.79526
215.08996
240
204.99
180.23
160
154.91851
149.43
146.52
142.35
142.35
142.35
142.9
165.61
184.05
188.43
171.06
160.1
153
151.47
151.38
152.85
153.19
161.61
177.9
191
203.85391
174.99
158.38
152.14
149.2524
137.68
137.45352
129.16
133.12944
134.79602
137.51
153.53
170
170
160
150
145
140
140.53
142.42
149.42
153.14
173.22
190
205.1
176
142.42
137.68
131.88
139.08
137.52
131.14
128.68
130.57
134.15
148.75
188.8
200.01
180
160
147.12368
141.87
138.85
143.45091
145.6
147.11
153.22
171.65
189.92
171.02
148.48
142.35
135.19
128.24
126
122.26
120
121.26
128.34
135.88
150.00067
171.07
161.97131
162.8642
150.23835
127.10744
125.91772
129.82314
133.50884
137.36527
135.39
149.89
165
140
133.05
127.63
129.45
132.05
125.76
121.5
124.68
125.68
127.27
134.89
150
164.43
173.22
153.2
135.43
128.6
115.72
117.5
116.4
127.5
134.89
149.89
173.51
150
137.77
133.72
125.43
127.98
125.26
119.08
123.6
125.34
127
133.92
135.28
153.47
135.09
126.26
115.43
104.62
60
65
70.1
132.71
139.5
160.65189
195.90936
173.32294
173.22
143.52
134.43
122
120.13
118.52
115.42
115.42
118.52
141.26432
173.65635
190
151.78104
139.57493
131.94718
125.6
123.53939
133.66
141.95822
147.70339
173.33
191.42
204.48387
165.43
149.44
138.25
138.25
129.91
127.59
123
116.96
117.03
123.42
143.52
166.27
183.6716
179.11282
153.67706
143.38194
140.55923
139.5452
141.03
141.97756
146.29109
143.83
168.94654
180.0858
147.21695
131.78912
118.47377
104.95804
103.44533
98.92665
91.4643
94.53088
94.41148
116.28547
134.91773
151.8081
184.78436
177.16984
151.33
140.68
130.55
131.88773
136.82219
138.96
141.57043
146.42178
156.77811
169.9
142.35
130.55
130.55
129.7
129.42
107.5
92.57049
90
91.55857
107.5
147.42
167.7
190
183
154.44
145.92813
131.48
130.76239
135.54395
147.5909
161.37
170.26
183.5
190
157.01
148.37
141.51
138.56
117
97
92.63862
90.51705
89.69
98.58791
136.76
155
164.57
152.94
141.51
128.63047
113.74948
97.05873
111.04211
126.18251
138
142.84
150
149.85
140.25
133.67
121.1
93.69787
110.97
106.6
97.12
100.52
99.69
99.3
110
137.03596
143.04
136.76
106.2
69.66607
39.01
30
30
64
109.2308
134.44714
158.62472
175.33848
155.06484
131.06359
117.83
114
120.39
105.41
110
113
103.94
89
90
114.98
120.4
124.78
120.36
100.49
100
105
95
110
127.81
140.03047
154.19268
160
168.4238
159.01004
141.95362
121.57756
138.91204
69.88867
45.14766
32.0569
35.04378
44.4569
87.11177
133.14
147.62
158.62
144.64
140
139.49
132.82
134.62
144.4
150.83
164.25
170
171
165
144.64
133.6
114.3476
99.98816
86.0485
79.19835
71.96316
64.8
65.5
75.26082
120.26
152.11
163.33
151.24
130.89
119.49
102.6412
101.94
117.63
139.11
151.24
161.80723
172.04141
170
155
140
130.44
113.47
64.97417
55.81293
50.43919
69
79.42071
95.34137
105.91034
109.62628
112.42637
103.10232
90.28758
85.5
86.1352
86.94958
94.67567
108.39839
113.99
139.09011
148.17313
158.10748
146.76121
121.54778
85.53983
41.75043
85.01
50.1
31
31.44
31
48.75
118.66
148.04
184.15
160
136.04
128.74
115.87
119.9149
127.42
136.63
153.63
156.02
155.26
152.1
139.98
113.48
85.01
57.0418
15.17313
11.47343
10
8
9.73288
23.6
70.3
115.54
120.98
115.07011
85.54574
74.71261
57.74709
64.994
75.17856
109.09308
116.13
128.73
122.6
122.75
115.54
110.1
98.7
70.1
84.63
32.05995
30
22.0086
20
30
88.35
118.94
124.35
113.76
70.55
20
14.45838
18.87541
30.79473
47.28
126.74
129.73
131.56
133.38
129.73
100
103.08
68
113.2
103
53.4
40
31
32.15
92.12
98.94
31.51
16.49559
9.42839
8.17778
7.74593
2.99127
2.45632
30
112.35
112.18
104.35
120.41
117.15
117.15
117.15
111.55
81.74
45
30
31
45
70.1
122.55
130
139.75
119.52
90.05
70.1
58.05296
66.98418
111.86
125.72
147.13
157.22
161.22
159.70127
140.90377
130.36564
126.75229
117.01
111.8
89.56
80.1
80.1
80.1
101.2
125.11
135.1
144.17
135
129.78
122.88
114.41
117.83
128.39
135
150.35393
163.2
166.08872
167.02418
132.16303
127.05714
123.43677
118.79
125.47232
116.17
110.1
110.1
110.1
121.14697
129.25654
156.62854
165.58383
161.77207
135.3
129.25788
109.62
116.87
128
133.7
144.01
158.32234
153.56009
158.71442
144.18549
130.88292
126.55208
122.23234
127.29213
124.00092
123.33699
123.88762
124.41843
125.87906
132.5
153.16
163.1
155.53
130
128.16
121.75
123.53
130.14
134.01
148.72
158.75952
163.69
161.73
140
130.89
127.39
116.4
117.3
108.41
102.37
90.67
90.67
97.05
129.1
148.94
165.95
150.84
129.71
122
113.51
115.03
124.81
129.1
140.4
153.05
160.69
159.68
140
127.01
110
96.4
117.32873
116.7091
101.59238
87.94357
84.5696
98.73766
117.16
118.12
121.33
87.97826
76.42471
73.32683
70.04379
69.644
83.87757
116.54
120
127.97928
135.75514
142.73
120
115.9
114.52
114.45
121.57
125
122
121.57
121.57
121.57
123.57
126.19
121.57
120
125
120.07
120
119.23
119.89
124.29
121.57
127.31735
128.71185
125.99
121.67
120
121.51
121.57
127.84
127.41
127.41
120.64
118.81
117.64
120.64
133.60467
144.45847
129.55
121.92673
114.65825
111.62589
111.64433
123.62
129.55
134.9138
150.19824
150.31593
145.3
129.44868
125.5
119.22
114.5
110.1
103.75
103.75
103.75
108.34
107
126.92
138.16
153.03
143.69
124.94096
123.433
118.25295
121.84
129.82564
143.47
150.02
150.02
145.76
142.66
128.85
122.84
115.95
103.75
104.52
97.29
90.87
84.45
95
104.01
111.97
128.4
132.26
128.4
113.4
108.3
95.55798
102.5
122.24
132.26
152.42
157.73866
159.80118
155.49173
145.24292
130.96387
126.0378
123.69923
108.6
103.91
103.91
103.91
107.67
119.41291
133.80125
156.35106
173
149.1
133.04
131.34
125.85
130.16
137.56
156.17
182.07348
179.99
177.92
170
139.51
132.01
127.4
110.88
106
100
96.9252
92.78875
95.7
103.2
126.73
139.82
141.9215
137.51
109.6182
106.76018
97.23086
103.17668
127.52525
135.92
155
167.92
166.92
163.56
144.02
134.44
127.26
119.37
125.93
125.17
125
123.8
123.39
123.45
123.39
128.12
128.1
123.46
119.17884
103.23061
116.17239
110
123.32
123.5
132.55
151.88637
161.23299
163.00938
150.45324
133.56
126.8
124.43
125
125.68
123.12
124.5
124.5
124.5
125
125
124.3
121.28061
113.54868
122.9564
113.99347
113
109.66
121.78
115.56
128.04963
128.18
128.48599
126.39378
125
123.37
123.21
125.17
121.74
125.22
123.39
122.15
123.39
129.17
132.08465
150
143.32
131.17
128.11
124.69
126.12
131.47
146.72
150
164.8
156.17
155
133.81
131.47
128
123.39
119.25
109.9
106.8
106.8
106.8
106.8
128.97
134.70569
140
140
135
131.60923
130.1
131.47
137.67
140.39315
142.18843
147.32
142.08073
140
132.8
131.46
126.15
114.56
120.82
116.5
110.83
107.8
111.7
123.41
136.03
157.81
169
154.19
137.49
131.7
130
130.31
132.73
140
150.37
165
145.61
147.99
134.1
131.08
130
123.7
121.83
107.19
108.52
105.55
105.45
104.9
128.82
140
151.25
136.48
130.7
125.26
118
122.96
130.19
137
158.91
167.3
165
166.82
150
142.3
134
131.93
121.97
118
116.91
116.91
115.76
122.93
134.8
150
170
148.49
131.73
129.36
120.36
122.95
130.09
132.42
144.6
158.79
143.04
141.22
131.93
130.2
128.28
123.83
121.3
116.4
116
115.89
113.6
113.8
120.5
126.67
128.17
121.15849
106.67023
98.56334
94.5583
93.48258
97.89009
108.35367
130.26
152.86
165
170
150
130.07
126.6
126.54
118.5
124.03
124.03
124.03
124.05
127
126.62
133.22
140
138
133.22
131.92
131.18
129.29
131.37
133.22
141.22
147.2
159.02
164
159.5
140
133.22
129.83
123.47
118.67
117.84
114.9
115.4
123.55
134.4
141.67
157.16
153.42
140.43
137.66113
135.2
135.13678
142.65366
150.91162
161.1
163.68
150.15
148
136.06
132.73
129.1
120
116.35
112.24
106.06
82.43526
79.86039
94.67293
128.96655
143.19
149.19696
142.27
132.15869
122.34829
117.05578
119.27531
129.18864
138.60446
160.64337
186.06343
177
161.98562
143.83
135
128.5
118.4
105.5
100
97.88
103.17
101.46
113.82
125.87
139.6
160.51
146.47425
133.93578
128.65685
127.52079
130.44884
146.95147
168
200
235.74
231
200
161
139.01
128.5
123.79
121.53
115.02
108.94
107.16
107.16
114.39
128.05361
157.06048
192.70341
204.09281
191.58028
189.44815
167.73534
165
172.47071
174.29094
198.82692
221.36407
203.46948
180
140.32476
131.10457
123.51793
113.13053
106.91366
102.63347
99.1
80.89518
92.81158
99.67307
119.58987
144.89091
185.25433
191.72881
175.65368
172.28104
153.89319
151.89462
153.28867
169.13615
192.23642
200
186.61552
165
139.98
125
118
108.06583
107.5
99.93983
92.73009
87.69623
91.31851
98.49095
103.16144
115.29
120.37
126.88574
128.0641
118.02711
114.61696
114.58457
118.52
122.95679
129.79
138.19
135.09613
128.27
122.63467
116.83
112.78
110
109.7
105.7
103.39367
101.22734
105.08
110.08
116.6
121.06
119.88
116.11
109.69
108.9
107
100
105.68
115
122.2
127.89743
129.05
131.71
125.03
123.75
117.29
113.4
112.41
110.67
111.93
111.93
111.93
116.95
128.1
141.52526
162.9
160
137.25
135.42
130.58
134.94
140.11
148.63
168
173.09896
161.38
151.56
134.19
131
127.86
121.24
114.71
110.93
106.61
105.31
105.19
111.93
121.63
131.93
160.26
164.2
156.01172
146.02242
139.44
140
141.48709
142.19214
160
159.49
147.47
141.56
128.63
126.8
124.15
115.4
98.15525
96.51979
91.47803
91.23523
89.11533
97.48037
120.96
133.6098
167
165.48207
150
140
130.602
131.37
137.25369
143.99
164
178.07495
165.27925
149.92676
129.90716
127.72
123
117.12
107.8
101.4
98.2
95.45
93.5
98.2
121.1
131
150
137.70142
125.5
123.49695
120
120.19
124
129
138.26
148.45412
140.53178
133.76396
126.61
125.26439
121.73
115.85
117.56
113
110.8
110
111.29
109.8
114
116.61423
120.13051
121.48191
119.99908
120.35
120.29
119
119.57
123.37
123.37
133.07
130.05
136.5
127.81
122.41
119
113
109.19
100
92.72
89.74
90
92.72
111.84
115.59
126
124.23
115.59
115.59
114.81
114.75
115.59
125
124
150
150
154.08
147.81
129.53
116
114.31
111.92
97.23
86.93
83.46
81.76
86.64
92.72
92.72
93.71
99.5
92.72
93.71
99.57
89.9028
92.51
100
110.45
117.73
127.45
135
131.23
117.23
115
106.97
113.79
111.53
109.9
108.97
94.3
98.5
121.05
126.39
146.64
145.5
129.99
121.21
117.29
119.76
124.99
128.67
138.18
142.05
135.14
130.09
119.39
117.87
110.93
94.3
91.05
87.05912
85.61674
84.42414
85.34168
97.46
115
130.06
155.59
140
129.99
124.51489
120
122.99723
126.61
137.73
156.45
154.25
140.53
137.01
117.96
117.01
113.22
96.86
90
87.1
80
80.32
85
89.46
108.4
116.75122
125.74
122.0013
115.33
115
113.22543
114
117.5
123.11
135.07
136.99
129.14
125
115.33
115
107.59
98.12
99.43
94.9
92.5
94
94.9
104.6
113.07
127.26
156.62
151.7
149.55
128.51
115.6
116.5
118.08
126
141
140.32
135.52
130
114.82
113.81
108.5
100
92.5
89.3
89.3
89.3
89.12
88.95
108.5
123.11
138.61
125
108.46764
103.75955
100.47768
103.8239
109.41543
109.46673
122.00092
125.91
115
113.81
112.16
109.26
92.8
83.19
86.59
84.35
70.35
66.9
54.1
55.6421
78.71
92.64877
98.81678
96.89121
87.39294
81.01713
72.87412
72.14012
81.84925
93.09227
104.7258
117.29
114.27
117.55
109.12
102.52
99.79
98.24
102.94
102.48
100.35
99.13
98.55
98.58
100.76
100.89
101.33
99.97
97.46
97.46
99.96
100.33
103.12
110.94
122.00879
122.00741
122.00393
127.3
120
109.06
100.59
100.56
99.94
100
100.03
99.82
99.54
96.96
108.15
110.25
114.05
108.57
103.2
99.46
92.83
98
105.5
118.98
135
137.15582
125.92003
126.75628
117.71554
110
108.33
105.8
91.55
88.88
86.5
87
88
92.85
107.56
112.28
122.00863
114.69
105.8
99.58
92.25
94.1
106.16
116.69
141.2
141.22499
134.29584
131.64354
114.45806
109.66997
106.92
101.43
99.54
96.9
89.9
89.06
89.35
99.47
111.43
160
165
155
134
118.15
107.48
107.48
114.94
125
145
145.05
140.5
140.5
127.9
113.16
105
100
89.51
87.16
78.81
74
78
88
109.44
118.61
135.24085
125.75408
110.99269
103.65351
95.79715
100.53294
106.2112
113.99993
135
138.63
126.69
120.5
110.99
107.6
87.5
59.19933
85.8512
82.39991
58.18872
31.0353
41.21964
58.20994
101.53
120.46
135
124.01307
108.97938
100.84687
89.78617
90.76529
108.91
115.86
132.38
138.62
132.92
132.38
123
114.95
109
96
102
103.54429
93.3098
92.74499
87.20012
89.38591
104
107
109.78
107.81
102.91561
101.7565
96.65802
91.78639
100.67873
107.44
107
106.44
105.68783
104.73114
104.84
106.44
103.06
99
106.06
105
100
95.5
99
104.19
105
105
107.4
106.92
99.63
100
95.07166
83.79569
96.81838
115.26
140
149.72
153.7
157
154.12
149.72
139.76
123.22
106.25
104.22
103
102.66
101.24
104.19
107.15
110
114.07
111.39
108.84
108.12
107.5
101.42
107.47
110.67
130
136.07
140
140.65
143.7
137
135
113.71
107.4
105.93
103
100
100
104.19
105.31
107.01
110
109.33
107.45
107.25
107.05
104.19
107.37
110.51
135.28
141.53
146
154.61
152.65
141.53
135.28
111.49
111.05
109.02
107.43
107.43
108.44
113.02
137.39
148.5
157.38
155
144.5
137.39
121.97
120.3
137.39
140
150.45
157.47
155
157.53
150.45
147.6
130.28
109.02
100
88.5
84.24
80
83.01
88.96
102.38526
104.36623
113.85088
112
97.67
95.88
93.12
93.58
98.17
108.61
114.45104
116.85537
120.57254
120.25396
108.48101
104.80919
106.02708
93.43855
112.52
109.62
108
108
108
110.54
110.65
120
132.02
133.46886
133.86099
128.46354
114.14983
112.94306
114.93
121.33
135.54
145
144.57
144.37
132.02
115.25
113.54
109.62
105.78
104.73
100
93.65
95
103.99477
106.93
108.62
111.39
112.48
108.75
107.68
106
106.93
108.76
109.46
115
132
134.99
136.07
125.34579
113.29
110
108.62
109.12
107.06
105.45
100
95
104
106.94
107.94
108.96
113.8
108.96
109.03
108.62
107.26
107.94
108.62
117.19823
132
135
136.07
130
117.23116
108.96
106.12
107.09
104
100
85.66
85
85.53
95.07
104.07
106.95
107.08
104
98.13
101.55
98.16
98.17
105.54
110
120.04
131.5
132
127.75
113.48
109.18
107.2
