0
0
0
0
0
0
0
0
0
0.369543813
0.665638424
0.76491243
0.70702683
0
0
0
0
0
0
0
0
0
0
0
0
0
0
0
0
0
0
0
0
0
0
0
0
0
0
0
0
0
0
0
0
0
0
0
0
0
0
0
0
0
0
0
0
0.034997832
0.012362216
0.146450823
0.21889714
0
0
0
0
0
0
0
0
0
0
0
0
0
0
0
0
0
0
0
0
0
0
0
0
0
0
0
0
0
0
0
0
0
0
0
0
0
0
0
0
0
0
0
0
0
0
0
0.334597685
0
0
0
0
0
0
0
0
0
0
0
0
0
0
0
0
0
0
0
0
0.338305514
0.654933902
0.787092856
0.783009033
0
0
0
0
0
0
0
0
0
0
0
0
0
0
0
0
0
0
0
0
0.430914045
0.755767565
0.654503712
0.330015037
0
0
0
0
0
0
0
0
0
0
0
0
0
0
0
0
0
0
0
0
0.409113271
0.6646857
0.636995001
0.810267014
0
0
0
0
0
0
0
0
0
0
0
0
0
0
0
0
0
0
0
0
0.381638851
0.780859373
0.810256902
0.830440667
0.04659651
0
0
0
0
0
0
0
0
0
0
0
0
0
0
0
0
0
0
0
0.021692391
0.073590889
0.171263153
0
0
0
0
0
0
0
0
0
0
0
0
0
0
0
0
0
0
0
0
0
0.020306049
0.136050006
0.681866372
0.171084784
0.053283653
0
0
0
0
0
0
0
0
0
0
0
0
0
0
0
0
0
0
0
0.455655613
0.787111564
0.987112249
0.952733082
0.034941802
0
0
0
0
0
0
0
0
0
0
0
0
0
0
0
0
0
0
0
0.468392031
0.758664752
0.971221396
0.582701872
0.084440326
0
0
0
0
0
0
0
0
0
0
0
0
0
0
0
0
0
0
0
0
0
0
0
0
0
0
0
0
0
0
0
0
0
0
0
0
0
0
0
0
0
0
0
0.384031482
0.692483396
0.833484371
0.889027403
0
0
0
0
0
0
0
0
0
0
0
0
0
0
0
0
0
0
0
0.025018041
0.227710829
0.167064699
0
0.231465985
0.013330599
0
0
0
0
0
0
0
0
0
0
0
0
0
0
0
0
0
0
0
0
0
0
0
0
0
0
0
0
0
0
0
0
0
0
0
0
0
0
0
0
0
0
0
0.044824912
0.003288955
0
0.223475624
0
0
0
0
0
0
0
0
0
0
0
0
0
0
0
0
0
0
0
0
0
0.087149949
0.138343306
0.066750977
0.100828742
0
0
0
0
0
0
0
0
0
0
0
0
0
0
0
0
0
0
0
0.239931872
0.465632512
0.532370874
0.39526722
0.095782608
0
0
0
0
0
0
0
0
0
0
0
0
0
0
0
0
0
0
0.02492787
0.127915202
0.773868209
1.034245703
1.057811594
0
0
0
0
0
0
0
0
0
0
0
0
0
0
0
0
0
0
0
0.10550595
0.542250133
0.928176519
1.058532832
0.94398828
0
0
0
0
0
0
0
0
0
0
0
0
0
0
0
0
0
0
0
0
0.29235292
0.4827232
0.704959758
0.62457792
0.053566256
0
0
0
0
0
0
0
0
0
0
0
0
0
0
0
0
0
0
0.068043819
0.52628943
0.741750963
0.974528803
0.639200563
0.141102479
0
0
0
0
0
0
0
0
0
0
0
0
0
0
0
0
0
0
0.05719582
0.586240329
0.958439424
1.167432782
0.977392042
0
0
0
0
0
0
0
0
0
0
0
0
0
0
0
0
0
0
0
0.080102282
0.497916762
1.008857613
1.178562872
0.968639523
0
0
0
0
0
0
0
0
0
0
0
0
0
0
0
0
0
0
0
0.07421758
0.417280748
0.316472928
0.812866176
0.140533559
0
0
0
0
0
0
0
0
0
0
0
0
0
0
0
0
0
0
0
0
0.280565583
0.451825689
0.523377355
0.581253588
0.751363774
0
0
0
0
0
0
0
0
0
0
0
0
0
0
0
0
0
0
0.07440557
0.54310483
0.842794915
0.994425702
0.209867553
0.103612517
0
0
0
0
0
0
0
0
0
0
0
0
0
0
0
0
0
0
0
0
0.127949259
0
0
0
0
0
0
0
0
0
0
0
0
0
0
0
0
0
0
0
0
0
0
0
0.007765666
0.268364619
0.057943296
0
0
0
0
0
0
0
0
0
0
0
0
0
0
0
0
0
0
0
0.219499627
0.732217566
1.042230448
1.210493154
1.164196745
0.641266132
0
0
0
0
0
0
0
0
0
0
0
0
0
0
0
0
0
0
0.230584521
0.746229078
1.096481556
1.257513619
1.058691054
0.859248409
0
0
0
0
0
0
0
0
0
0
0
0
0
0
0
0
0
0
0.240693178
0.743891181
1.102302923
1.17468748
1.123568345
0.893635468
0
0
0
0
0
0
0
0
0
0
0
0
0
0
0
0
0
0
0
0.000607684
0.008205114
0.439689897
0.728586759
0.298009127
0.012198954
0
0
0
0
0
0
0
0
0
0
0
0
0
0
0
0
0
0
0
0
0
0.315246849
0
0
0
0
0
0
0
0
0
0
0
0
0
0
0
0
0
0
0
0.019126999
0.314227962
0.520264696
0.439761253
0.497701641
0.613058521
0.035114954
0
0
0
0
0
0
0
0
0
0
0
0
0
0
0
0
0
0.256076158
0.79574984
1.134080939
1.251203847
1.218087804
1.022539274
0
0
0
0
0
0
0
0
0
0
0
0
0
0
0
0
0
0
0.214466183
0.783683488
1.19361677
1.322588423
1.238960968
1.004624345
0
0
0
0
0
0
0
0
0
0
0
0
0
0
0
0
0
0
0
0.380982419
0.692544062
0.830741677
0.781082343
0.848037283
0
0
0
0
0
0
0
0
0
0
0
0
0
0
0
0
0
0
0.295896562
0.454795752
0.707670114
0.725417259
0.543150458
0.507492709
0.013400596
0
0
0
0
0
0
0
0
0
0
0
0
0
0
0
0
0
0
0.158328531
0
0
0
0
0
0
0
0
0
0
0
0
0
0
0
0
0
0
0
0
0
0
0.402256416
0.733667421
1.18319868
1.272251199
1.260193981
1.164460998
0
0
0
0
0
0
0
0
0
0
0
0
0
0
0
0
0
0
0.402340012
0.963890069
1.27889935
1.352852337
1.23092796
1.086253265
0
0
0
0
0
0
0
0
0
0
0
0
0
0
0
0
0
0
0.402247393
0.951604369
1.3181795
1.512625022
1.235764318
1.078426382
0
0
0
0
0
0
0
0
0
0
0
0
0
0
0
0
0
0
0.442762469
0.972622088
1.337339199
1.423353093
1.311514546
0.983762835
0.066836556
0
0
0
0
0
0
0
0
0
0
0
0
0
0
0
0
0
0
0.314948249
0.680532238
0.654321352
0.354436052
1.005188176
0.10072254
0
0
0
0
0
0
0
0
0
0
0
0
0
0
0
0
0
0.083846745
0.635833555
0.581421942
0.827832372
0.703777456
0
0.163216369
0
0
0
0
0
0
0
0
0
0
0
0
0
0
0
0
0
0.26112345
0.560277566
1.34456784
1.207803379
0.612131481
0.854518273
0
0
0
0
0
0
0
0
0
0
0
0
0
0
0
0
0
0
0
0
0
0
0
0
0.048102321
0
0
0
0
0
0
0
0
0
0
0
0
0
0
0
0
0
0.042879544
0.199833845
0.479860085
0.753527219
0.649726475
0.421047581
0.111220724
0
0
0
0
0
0
0
0
0
0
0
0
0
0
0
0
0
0.589553018
1.129951779
1.486224215
1.651765083
1.390852086
1.21678879
0
0
0
0
0
0
0
0
0
0
0
0
0
0
0
0
0
0
0.081396452
0.327803274
0
0.365859768
0.098023058
0.293518903
0.214303278
0
0
0
0
0
0
0
0
0
0
0
0
0
0
0
0
0
0
0.909336658
0.236291619
0.290537853
0
0.560325829
0.220985529
0
0
0
0
0
0
0
0
0
0
0
0
0
0
0
0
0
0.257416903
0.807503999
0.911762012
1.126549384
0.855795238
1.298130198
0
0
0
0
0
0
0
0
0
0
0
0
0
0
0
0
0
0.028554431
0.49095788
1.145775972
1.454980884
1.677357599
0.527000081
1.426171227
0
0
0
0
0
0
0
0
0
0
0
0
0
0
0
0
0
0
0.177318419
0
0.348469019
0.057863349
0
0
0
0
0
0
0
0
0
0
0
0
0
0
0
0
0
0
0
0
0.745976033
1.306827562
1.652629618
1.777192167
1.615043785
1.245995286
0
0
0
0
0
0
0
0
0
0
0
0
0
0
0
0
0
0
0
0
0.086861714
0.687426696
0.541592715
0.083648989
0
0
0
0
0
0
0
0
0
0
0
0
0
0
0
0
0
0
0
0
0.001607085
0.009113786
0.313564158
0.486252094
0.152959485
0
0
0
0
0
0
0
0
0
0
0
0
0
0
0
0
0.048545163
0.136427491
0.319923418
0.397531019
0.444497976
0.581111061
0.998018572
0.288806036
0.036428908
0
0
0
0
0
0
0
0
0
0
0
0
0
0
0
0
0
0.338096076
0
0.139094449
0.309285787
0
0
0
0
0
0
0
0
0
0
0
0
0
0
0
0
0
0
0
0.003492064
0.00985493
0
0.242869974
0.34818203
0
0
0
0
0
0
0
0
0
0
0
0
0
0
0
0
0
0
0
0
0.212746797
0.311884096
0.624468974
0.94704371
0.163047036
0.206080379
0.027997279
0
0
0
0
0
0
0
0
0
0
0
0
0
0
0
0
0.080826156
0.421880659
0.05207899
0.108337117
0.504799276
0.538473628
0.322159551
0
0
0
0
0
0
0
0
0
0
0
0
0
0
0
0
0.24502553
0.648132725
1.410797791
1.488968993
1.838586881
1.557964484
1.424846028
0
0
0
0
0
0
0
0
0
0
0
0
0
0
0
0
0
0.139872152
0.602215533
1.057189576
1.842501688
1.066519891
1.2330997
1.372211304
0.320252266
0.131326497
0
0
0
0
0
0
0
0
0
0
0
0
0
0
0
0.294883761
0.96216522
1.495140008
1.705087201
1.936380668
1.704176354
1.573922411
0
0
0
0
0
0
0
0
0
0
0
0
0
0
0
0
0
0.319037849
0.651108238
1.281163595
1.777853826
1.841458484
1.635781381
1.113540048
0.314709036
0.048210273
0
0
0
0
0
0
0
0
0
0
0
0
0
0
0
0.356087249
1.008465878
1.55076989
1.63914811
1.986571698
1.813621657
1.452829319
0
0
0
0
0
0
0
0
0
0
0
0
0
0
0
0
0
0.359129858
1.003693485
1.538191281
1.712915902
1.975299871
1.685347655
1.594181721
0.069624302
0
0
0
0
0
0
0
0
0
0
0
0
0
0
0
0
0.381272653
1.028764122
1.566402796
1.935481685
1.967588523
1.889119501
1.715877669
0.117379392
0
0
0
0
0
0
0
0
0
0
0
0
0
0
0
0
0.05611808
0.50582181
1.484623368
1.930226814
2.035371964
1.644568623
0
0.40475537
0.161998667
0
0
0
0
0
0
0
0
0
0
0
0
0
0
0
0.376513292
0.750852981
0.550179338
0.780391986
1.905322067
1.180676526
1.728114832
0.010832499
0
0
0
0
0
0
0
0
0
0
0
0
0
0
0
0
0.457256405
1.130881338
1.669969562
2.043140908
2.053362554
1.945768573
1.893906335
0
0
0
0
0
0
0
0
0
0
0
0
0
0
0
0
0
0.467292451
1.051701933
1.52146576
1.739783789
1.875552381
1.971058592
1.49131553
0.465616667
0.144723262
0
0
0
0
0
0
0
0
0
0
0
0
0
0
0
0.52922575
1.117244005
1.676540302
0
2.051619781
1.828965573
1.763761415
0.025937879
0
0
0
0
0
0
0
0
0
0
0
0
0
0
0
0
0.534461419
1.050038118
1.51232725
1.914873986
2.058708871
2.121799881
1.915998518
0.272461873
0
0
0
0
0
0
0
0
0
0
0
0
0
0
0
0
0.552010056
1.216373421
1.726258352
2.069944813
1.990681973
1.87359684
1.311444614
0.359998656
0.184949656
0
0
0
0
0
0
0
0
0
0
0
0
0
0
0
0.582245601
1.250921427
1.801289784
2.087348086
2.206563618
2.065304276
1.806379564
0.005341591
0
0
0
0
0
0
0
0
0
0
0
0
0
0
0
0
0.612284534
1.268996174
1.824324329
2.067324217
2.212685447
2.132195953
1.916143944
0.142220185
0.044966158
0
0
0
0
0
0
0
0
0
0
0
0
0
0
0
0.441137723
1.017169624
1.45887472
1.777282999
1.789455425
1.347852578
0.905132563
0.473565751
0.08329639
0
0
0
0
0
0
0
0
0
0
0
0
0
0
0
0.630712287
0.551502586
0.62457792
0.007392873
1.26899513
1.483792025
1.860659434
0
0
0
0
0
0
0
0
0
0
0
0
0
0
0
0
0
0.628239056
1.227874448
1.719508312
2.187578779
2.205851288
1.461806486
1.394603038
0.303464553
0.184436964
0
0
0
0
0
0
0
0
0
0
0
0
0
0
0.006550418
0.69503857
1.35056228
1.879063284
2.242804691
2.276037704
2.172323976
1.987827838
0
0
0
0
0
0
0
0
0
0
0
0
0
0
0
0
0.033718101
0.683099087
1.341412028
1.857113768
1.97496927
2.173376446
2.143328369
1.67196005
0.051940033
0.166462392
0
0
0
0
0
0
0
0
0
0
0
0
0
0
0
0
0
0.067784076
0.253032009
0.339173901
0
0.168665976
0.145736186
0
0
0
0
0
0
0
0
0
0
0
0
0
0
0
0
0.125100361
0
0.039064656
0
0.021575538
0
0.053697114
0
0
0
0
0
0
0
0
0
0
0
0
0
0
0
0
0
0.296701336
1.276165657
1.514912976
1.955224131
2.309834574
2.152488289
1.730166204
0.105206243
0
0
0
0
0
0
0
0
0
0
0
0
0
0
0
0
0.581180915
1.001100105
1.742976291
1.94329786
1.710835424
0.957904837
0.240384784
0.535819519
0.244608012
0
0
0
0
0
0
0
0
0
0
0
0
0
0
0
0
0
0.097979298
0.493310045
1.055907383
1.912921111
1.917577549
0.075271828
0
0
0
0
0
0
0
0
0
0
0
0
0
0
0
0.118861516
0.788863082
1.416286415
1.954043263
2.278251184
2.388184593
2.327794641
2.080982043
0.038678394
0
0
0
0
0
0
0
0
0
0
0
0
0
0
0
0.134660948
0.784804837
1.429014976
1.935528788
2.255871201
2.426002316
2.342503353
2.01893551
0.253117752
0.049796909
0
0
0
0
0
0
0
0
0
0
0
0
0
0
0.149777448
0.812399952
1.410697511
1.912413399
2.246637183
2.379036961
2.313632204
2.077127691
0.14088105
0.029989352
0
0
0
0
0
0
0
0
0
0
0
0
0
0
0.180848175
0.849896539
1.487611717
2.030636687
2.368324107
2.493870536
2.457634364
2.20175466
0.067411115
0.000931542
0
0
0
0
0
0
0
0
0
0
0
0
0
0
0.216698508
0.897680891
1.53856293
2.032520092
2.391219113
2.546568403
2.463211784
2.20744544
0.113195038
0.032931003
0
0
0
0
0
0
0
0
0
0
0
0
0
0
0.250279563
0.91946983
1.552627686
2.083198178
2.416239641
2.521865965
2.438151247
2.157022096
0.111316776
0.042946402
0
0
0
0
0
0
0
0
0
0
0
0
0
0
0.304112169
0.97998007
1.627683892
2.103955033
2.463605189
2.579706429
2.511592271
2.222009131
0.102048407
0.029093346
0
0
0
0
0
0
0
0
0
0
0
0
0
0
0.293948576
1.006320114
1.621079082
2.126592982
2.470930827
2.557754361
2.519800789
2.214587142
0.154984673
0.0543451
0
0
0
0
0
0
0
0
0
0
0
0
0
0
0.324912258
1.014182243
1.633193312
2.135171862
2.446700614
2.543518644
2.471116752
2.244548241
0.114168952
0.059133632
0
0
0
0
0
0
0
0
0
0
0
0
0
0
0.32404009
1.019305302
1.64710329
2.148254983
2.484226699
2.628969693
2.525646514
2.221496705
0.131543662
0.103958325
0
0
0
0
0
0
0
0
0
0
0
0
0
0
0.380213857
1.072189773
1.688538068
2.162744179
2.515825534
2.661010989
2.585640344
2.291989412
0.128422695
0.071675781
0.031923231
0
0
0
0
0
0
0
0
0
0
0
0
0
0.153608927
0.545927031
1.195599155
2.144686972
2.524333212
2.44414904
2.280593127
1.816899497
0.195526269
0.120584773
0.108864697
0
0
0
0
0
0
0
0
0
0
0
0
0
0.428131418
1.12288807
1.73237182
2.212760163
2.489493494
2.664128553
2.577477548
2.279169367
0.09035604
0.392548298
0.099690877
0
0
0
0
0
0
0
0
0
0
0
0
0
0
0.65381964
1.62955939
2.182224612
2.493825515
2.595081027
2.522742823
2.238358947
0.081133275
0.02343524
0
0
0
0
0
0
0
0
0
0
0
0
0
0
0.466817879
1.165721989
1.760875164
2.112001515
2.463825506
2.522499307
2.353343841
1.897257344
0.741225378
0.46834369
0.142148206
0
0
0
0
0
0
0
0
0
0
0
0
0
0.463393468
1.139035843
1.759212127
2.216988306
2.579905654
2.673875091
2.610872331
2.020954999
0.498724968
0.347380439
0.080844285
0
0
0
0
0
0
0
0
0
0
0
0
0
0.460077826
1.127371765
1.721289094
2.00283043
2.350932407
2.609748995
2.257094639
2.285367331
0.388365678
0.412712352
0.055801691
0
0
0
0
0
0
0
0
0
0
0
0
0
0.312937567
1.103919682
1.616894377
2.034811637
2.410099848
2.639950894
2.313192395
2.25915474
0.349745122
0.373985069
0.120708458
0
0
0
0
0
0
0
0
0
0
0
0
0
0
0
0.004488632
0.239108758
0.270875971
0.037606387
0.030364887
0.051016775
0.043889823
0
0.0209285
0
0
0
0
0
0
0
0
0
0
0
0
0
0
0
0.256306716
0.674155504
1.19809245
1.441580318
1.422518621
1.328918598
0.432966184
0.407339194
0.148740293
0
0
0
0
0
0
0
0
0
0
0
0
0
0.591827548
1.304048186
1.908290412
2.416908728
2.712551695
2.836530428
2.738660175
2.454433619
0.040630635
0.006837853
0
0
0
0
0
0
0
0
0
0
0
0
0
0
0.5919536
1.268184709
1.852215132
2.346830501
2.645241701
2.734315167
2.687646998
2.439215071
0.09069043
0.052928606
0
0
0
0
0
0
0
0
0
0
0
0
0
0
0.566905816
1.262331023
1.858856452
2.333118921
2.657255105
2.794089091
2.716742659
2.406293307
1.904713727
0.220236664
0.201181322
0
0
0
0
0
0
0
0
0
0
0
0
0
0.604214754
1.277519188
1.849187369
2.290676616
1.814571055
2.393249934
2.30148942
0.667601935
1.364081231
0.492915222
0.039183499
0
0
0
0
0
0
0
0
0
0
0
0
0
0.25792419
0.716416363
0.697150793
2.135683727
2.420696821
0.84213333
1.628588892
2.007648013
0.628091848
0
0.145150633
0
0
0
0
0
0
0
0
0
0
0
0
0
0.230577098
0.635003337
1.111619822
1.057677556
1.766599295
2.001396712
2.382612093
1.829661238
0.504236611
0.498069854
0.090941659
0
0
0
0
0
0
0
0
0
0
0
0
0
0
0
0.751410691
0.356951188
0.798632462
1.299524251
0.105747352
0
0
0
0.111667194
0
0
0
0
0
0
0
0
0
0
0
0
0
0
0.268591917
0
0
0
0.041227127
0.734847417
2.447031204
1.882554716
0.027001603
0
0
0
0
0
0
0
0
0
0
0
0
0
0
0.396637019
1.088716788
1.680600106
1.740653718
0.501535647
1.46048804
1.652250158
0.931004406
0
0
0
0
0
0
0
0
0
0
0
0
0
0
0
0
0.215144301
0.472726916
1.374149607
2.126470668
2.530605177
2.616519162
2.757741886
2.5243568
2.112683605
0.154422031
0.310594601
0
0
0
0
0
0
0
0
0
0
0
0
0
0.3629497
1.063373874
1.678362158
2.232628046
2.515377257
2.866902807
2.741067327
2.537991104
2.077124078
0.345864594
0.223755796
0
0
0
0
0
0
0
0
0
0
0
0
0
0
0.421825692
1.347615587
1.162340823
2.075771098
2.230493022
2.421156552
2.201002407
1.214957608
0.572880932
0.323787892
0.029556082
0
0
0
0
0
0
0
0
0
0
0
0
0.544944503
0
1.849278837
2.324675811
2.727522448
2.884328642
2.661770576
1.994924783
1.569872326
0.401420605
0.325716627
0
0
0
0
0
0
0
0
0
0
0
0
0
0
0.833935189
1.400342555
2.160825024
2.128179808
1.846046357
0.490898648
0
0.59182686
0.00501943
0
0
0
0
0
0
0
0
0
0
0
0
0
0
0.522541443
1.166028652
1.78824294
2.040838399
2.661655079
2.759134829
2.216404167
2.564413957
0.399173996
0.438378319
0.266819498
0
0
0
0
0
0
0
0
0
0
0
0
0
0.566282078
1.256019226
1.84696564
2.32207229
2.671708985
2.823538236
2.758709364
2.543798577
2.144149843
0.203152733
0.315093387
0
0
0
0
0
0
0
0
0
0
0
0
0
0.575466191
1.284234779
1.883966214
2.332870584
2.71718166
2.86657478
2.748181029
2.515262084
1.726987566
0.628068459
0.350752624
0
0
0
0
0
0
0
0
0
0
0
0
0
0.118413386
0.434472403
1.514903711
0.698377382
0.858021801
0
0
0
0
0.341782566
0.334547046
0
0
0
0
0
0
0
0
0
0
0
0
0
0
0
0
0.043071748
0
0.031154072
0.466536511
0.888747651
1.758910894
0.389524911
0.329096733
0
0
0
0
0
0
0
0
0
0
0
0
0
0.564593993
1.279030178
1.861811062
2.350595777
1.747442883
2.170651293
2.540224005
0.530354948
2.021583517
0.264604089
0.330769771
0.010758749
0
0
0
0
0
0
0
0
0
0
0
0
0.411252254
0.806383991
1.372660831
1.139632568
2.503761861
2.815287914
2.863909136
2.692235213
2.232263848
0.140394713
0.323353398
0
0
0
0
0
0
0
0
0
0
0
0
0
0
0.370758014
1.722969001
2.230193725
2.726278221
2.804765573
2.797409794
2.406585675
2.141898069
0.624280264
0.373606831
0.04966738
0
0
0
0
0
0
0
0
0
0
0
0
0
0
0.496168545
0.413479203
0
0
0.125983631
0
0
0
0
0
0
0
0
0
0
0
0
0
0
0
0
0
0.495300817
1.22028078
1.873551869
2.397191818
2.430239048
2.633088744
2.229608082
2.181706733
1.895519863
0.4333316
0.054808835
0.062973249
0
0
0
0
0
0
0
0
0
0
0
0
0
0.587797296
0.223823983
0.909553877
0.745409845
0.874618433
0.952204557
0.726522565
0.80143769
0.631687787
0.19335817
0.055420687
0
0
0
0
0
0
0
0
0
0
0
0
0.33032174
0.555810965
1.809556988
2.31321446
2.614745688
1.482670395
2.184785295
0.776380142
0.759605244
0.568107594
0
0
0
0
0
0
0
0
0
0
0
0
0
0
0
0
0
0
0.027660882
0.612368388
0.642532289
0.218186768
0.049371009
0
0
0
0
0
0
0
0
0
0
0
0
0
0
0.058476728
0.716514939
1.39508665
1.950160128
2.522243309
2.809791361
3.08346247
3.042193713
2.800051552
2.355840737
0.10712293
0.398092019
0
0
0
0
0
0
0
0
0
0
0
0
0
0.574810129
1.298263005
1.830196569
2.378875649
2.73757473
2.974289987
2.876154815
2.504161089
2.295179948
0.229539328
0.381835732
0
0
0
0
0
0
0
0
0
0
0
0
0
0.58910219
1.308598972
1.930615213
2.464928964
2.776468953
2.959816894
2.828445465
2.542015281
1.757514455
0.718112621
0.36527442
0.110054425
0
0
0
0
0
0
0
0
0
0
0
0
0.69425664
0.620443601
1.451878014
1.483273539
2.022933706
2.779306289
2.848565547
2.65101664
2.317629793
0.103304759
0.416045922
0.018649184
0
0
0
0
0
0
0
0
0
0
0
0
0
0.179387914
0.963321871
0.971100647
0.151557722
0.635222449
0.17437419
0.845930461
0.678488987
0
0
0
0
0
0
0
0
0
0
0
0
0
0
0
0.521182639
1.259273213
1.69742108
2.147767712
2.723334017
2.848871982
2.838944556
2.667260981
2.331985231
0.096706396
0.377255692
0.081546816
0
0
0
0
0
0
0
0
0
0
0
0.044748238
0.680811343
1.403162115
2.024144816
2.444591041
2.835437578
3.018948473
2.975636859
2.808226535
2.361055541
0.200561932
0.406615687
0
0
0
0
0
0
0
0
0
0
0
0
0
0.558480045
1.315956743
1.604627103
2.205109417
2.593311885
2.831237188
2.933088866
2.674241509
2.298193617
0.209588961
0.419142208
0.012153972
0
0
0
0
0
0
0
0
0
0
0
0.058467626
0.67414736
1.365860055
1.994668957
2.511209953
2.835619688
3.019254802
3.010596
2.781896585
2.381643896
0.172767716
0.433233634
0.046872214
0
0
0
0
0
0
0
0
0
0
0
0.043815291
0.665751497
1.411506416
1.995543286
2.479630149
2.832079291
2.981311074
2.992710528
2.731404084
2.385394319
0.202144987
0.45348033
0
0
0
0
0
0
0
0
0
0
0
0
0.065790246
0.673367245
1.397110533
1.973966073
2.512337182
2.651520854
2.833960346
2.607774615
2.515171254
2.321168993
0.21183382
0.453342253
0.052658431
0
0
0
0
0
0
0
0
0
0
0
0.053109494
0.671892331
1.365268688
1.940757279
2.439799211
2.718418063
2.948760884
2.890621879
2.67019014
2.378443606
0.51021173
0.486662386
0.140489406
0
0
0
0
0
0
0
0
0
0
0
0.099376202
0.738277256
1.243784757
1.349343119
2.421262329
2.769075811
2.994890853
2.72875804
2.387403313
0.692800584
0
0.35445449
0.056402128
0
0
0
0
0
0
0
0
0
0
0
0.145553481
0.819012735
1.315116164
1.15134542
2.217627551
2.380779796
1.448097512
1.896909126
2.279439089
1.888592556
0.348330483
0.101373046
0
0
0
0
0
0
0
0
0
0
0
0
0.250747869
0.912396285
1.509029728
2.094772234
2.476807833
2.652592918
0.16763109
2.87834524
0.841339388
0.904954146
0.591528414
0.347247538
0.034889984
0
0
0
0
0
0
0
0
0
0
0
0.296991059
0.961390138
1.583957975
2.109243716
2.461501545
2.220434257
1.669652715
1.688471156
1.235510383
1.19002841
0.688865594
0.120264829
0.051053993
0
0
0
0
0
0
0
0
0
0
0
0.075770882
0.340826826
0.71062235
0.209040452
0.069567571
1.091977555
2.47687954
2.562665895
1.165811943
1.838657255
0.23845208
0.073952246
0.030042428
0
0
0
0
0
0
0
0
0
0
0
0.050124892
0.164923083
0.095175528
1.118116603
0.696723672
1.582074933
1.425838198
0.882758635
0.323266082
0.824763816
0
0
0
0
0
0
0
0
0
0
0
0
0
0
0
0.363762548
0
0.344608945
0.010297938
0.182529566
0.181878737
0.475728088
0.389983275
0.247993447
0
0.015494559
0
0
0
0
0
0
0
0
0
0
0
0
0.369452936
1.012628563
1.63041915
2.208841384
2.709762165
2.902187588
2.99204046
2.805897932
2.604137698
2.267156763
0.308184803
0.100367065
0.079261787
0
0
0
0
0
0
0
0
0
0
0
0.267028451
0.973039608
1.574010172
2.154260449
2.610949308
2.695149088
2.536983984
2.782213899
2.635066994
2.269636269
0.105863525
0.046589238
0
0
0
0
0
0
0
0
0
0
0
0
0.339525336
1.004844782
1.633055164
2.198380595
2.535842986
2.697745128
2.645681625
2.300909535
1.840111305
2.00954199
0.695356945
0.384379216
0
0
0
0
0
0
0
0
0
0
0
0
0.086883521
0.740841029
1.276849773
1.880650292
2.452888721
2.829807432
2.781679958
2.655725751
1.973405381
1.992505114
0.450345864
0.352349311
0
0
0
0
0
0
0
0
0
0
0
0
0.271098929
0.900524525
1.470988257
2.020453029
2.486528438
2.712249903
2.982230672
2.958296001
2.644405271
2.208085726
0.158825832
0.243110906
0.008369873
0
0
0
0
0
0
0
0
0
0
0
0.304149383
0.954633537
1.581488958
2.1165349
2.617158617
2.874423565
2.9680731
2.946799104
2.630314038
2.198481331
0.181399858
0.132028744
0
0
0
0
0
0
0
0
0
0
0
0
0.18979698
0.78087913
0
1.96932768
2.478598192
2.588889099
0
2.861923036
2.568099628
2.204028528
0.29089806
0.19430117
0.099715727
0
0
0
0
0
0
0
0
0
0
0
0
0.312257181
1.020170087
1.125118613
1.198341526
1.784611225
1.874892123
1.76646144
1.096804571
0.873920436
0.253380162
0
0
0
0
0
0
0
0
0
0
0
0
0
0
0.710894658
1.289551469
1.952260236
2.34504705
2.449210312
2.499397646
2.591008482
1.061515938
0.581717554
0.05048663
0
0
0
0
0
0
0
0
0
0
0
0
0
0.168135444
0.920496799
1.126394115
1.814810665
1.738858961
2.359535383
2.934474259
2.792241925
2.478394787
2.081358965
0.309138977
0.330800459
0.124631214
0
0
0
0
0
0
0
0
0
0
0
0.382082167
1.028951028
1.63495845
2.191036992
2.668370466
2.932443447
3.028079642
2.978527863
2.643286455
2.079861945
0.263369937
0.140171497
0.073898408
0
0
0
0
0
0
0
0
0
0
0
0.299169293
0.881730719
1.562214719
1.936712384
2.476148606
2.754238497
2.905487159
2.979807043
2.699889741
0
0.140884323
0.087009838
0
0
0
0
0
0
0
0
0
0
0
0
0.202436896
0.520212709
1.013130685
1.596489363
2.288959239
2.332682147
2.638410254
2.904220663
2.644028711
2.259867819
0.169012444
0.102468318
0.009120924
0
0
0
0
0
0
0
0
0
0
0
0.216872011
0.914627997
1.59365967
2.12211742
2.603457208
2.89641763
3.014436435
2.984752502
2.654328117
2.230111694
0.211896493
0.237123791
0.048595631
0
0
0
0
0
0
0
0
0
0
0
0.234887257
0.651000793
1.044387114
1.948800947
2.616467177
2.892286999
2.714179978
2.753049782
2.455770818
1.881705647
0.219261119
0.175772007
0.005348405
0
0
0
0
0
0
0
0
0
0
0
0.240951446
0.892033724
1.531030736
2.092832832
2.617071891
2.823631682
2.921496673
2.893844848
2.785820531
1.36304502
0
0.106921779
0.150355301
0
0
0
0
0
0
0
0
0
0
0
0.330652194
0.946949236
1.552069953
2.116398454
2.611951692
2.906327199
2.936533381
2.888336845
2.588888019
0.508311747
0.733294601
0.198950838
0.075105721
0
0
0
0
0
0
0
0
0
0
0
0.289157341
0.916281685
1.535179801
2.082882116
2.483446613
2.618469558
2.795756353
2.919264463
2.373597243
0.041692318
0
0.413969635
0.049726353
0
0
0
0
0
0
0
0
0
0
0
0
0
0
0
0
2.615325174
0.338198242
0.070902844
2.648741052
1.773492317
0
0.087518356
0
0
0
0
0
0
0
0
0
0
0
0
0.352781939
1.002431375
1.615282688
2.177986421
2.661950624
2.774601377
2.889895454
2.791429836
2.610668577
2.12525078
0.214610334
0.251105935
0.139355406
0
0
0
0
0
0
0
0
0
0
0
0
0
0.954067396
0.058874562
0.263965553
0.546742372
0.487670103
0.14553182
0.033033234
0
0.708905493
0.21775139
0.132482393
0
0
0
0
0
0
0
0
0
0
0
0
0.415307627
1.313882487
1.330049573
1.726697326
1.800480254
1.277430618
0.028112758
0
1.96292262
0.105703094
0
0
0
0
0
0
0
0
0
0
0
0
0
0
0
0.392274906
1.516738421
1.554625577
1.948189478
1.532435375
2.674210923
2.214126765
0.473624612
0.117288012
0.326678077
0
0
0
0
0
0
0
0
0
0
0
0
0.181972277
0.858812816
1.35684997
1.980026756
2.104844516
2.253875835
2.26503652
1.494498535
1.580091244
1.419742575
0.600907696
0
0
0
0
0
0
0
0
0
0
0
0
0
0
0
0.904833147
1.389356093
1.476658856
1.242459272
2.644921068
2.792779969
2.177675512
1.367674027
0.693900216
0
0
0
0
0
0
0
0
0
0
0
0
0
0.31913901
0.936617601
1.562319882
2.213077602
2.438642338
2.328799515
2.24904527
1.890955409
1.33884807
0
0.680647158
0.278967489
0
0
0
0
0
0
0
0
0
0
0
0
0.306155047
0.918149222
1.538451188
2.082929819
2.562882381
2.866730927
3.050263646
3.062109723
2.784725438
2.289516171
0.145639774
0.044343668
0
0
0
0
0
0
0
0
0
0
0
0
0.307154098
0.917277177
1.530735617
1.887901102
2.237018145
2.53813022
2.840887813
2.551897823
2.590694371
1.685725822
0.70192609
0.432896793
0.128675247
0
0
0
0
0
0
0
0
0
0
0
0.121013863
0.822428207
1.471142108
2.069081702
2.551682596
2.817862196
2.197468371
1.746482754
1.857262309
2.015990124
0.548222302
0.16698324
0.045237445
0
0
0
0
0
0
0
0
0
0
0
0
0.615420142
1.244528786
1.683964096
2.146228631
2.824401985
2.670733846
2.382459872
1.508923128
1.732178023
0.150315044
0
0
0
0
0
0
0
0
0
0
0
0
0
0
0.196345099
0.544034392
0.176716534
0.186504591
0.958898696
0.324707415
0.426142302
0.918791295
0.607946768
0.261874761
0.272310494
0.091121342
0
0
0
0
0
0
0
0
0
0
0
0.2202451
0.85367214
1.493574778
1.99737844
2.317371739
2.313598945
2.266959151
2.8677147
2.653990745
2.111503838
0.634417681
0.32768387
0.129468654
0
0
0
0
0
0
0
0
0
0
0
0.292406393
0.910376944
1.531230607
2.050894823
2.46448961
2.812719562
2.729662237
2.885713125
2.569768954
2.041128614
0.361198892
0.342389555
0.056908275
0
0
0
0
0
0
0
0
0
0
0
0.215090859
0.839157321
1.111569351
1.395203118
1.712268889
1.927255155
2.186501278
2.383271842
1.999566601
1.75045123
0.535362605
0.278567566
0.136132122
0
0
0
0
0
0
0
0
0
0
0
0.274964586
0.904383412
1.50737186
2.063966263
2.546711161
2.80432033
3.003082159
2.94761923
2.659686619
2.260421813
0.195649584
0.085197253
0.015072523
0
0
0
0
0
0
0
0
0
0
0
0.24024606
0.83764675
1.436527655
1.707494965
2.105081944
2.315940222
2.596802762
2.613259217
2.63358641
1.789318711
0.624207321
0.343164443
0
0
0
0
0
0
0
0
0
0
0
0
0.08350871
0.529404909
0.766594666
0.19492832
1.642581707
1.835203748
1.724861159
0.580246959
0.257524103
0.108578412
0.116913378
0.272651361
0.123733386
0
0
0
0
0
0
0
0
0
0
0
0.162367132
0.492357097
0.681900164
1.233318046
1.812476391
0.359321847
1.121232663
1.701622622
2.292858422
1.608694223
0.70611739
0.156471049
0.110714862
0
0
0
0
0
0
0
0
0
0
0
0.077586005
0.269467117
1.481203907
1.940926615
2.330672656
2.088861094
1.915745267
1.529029376
1.755436023
1.656857317
0.546081524
0.317344338
0.101047103
0
0
0
0
0
0
0
0
0
0
0
0
0.439911033
1.004009876
1.849338651
1.768004584
1.554291661
2.046390009
1.298373065
1.350392026
0.814227397
0.683850392
0.297823102
0.053172144
0
0
0
0
0
0
0
0
0
0
0
0.002739014
0.185279702
1.161452715
1.268989128
0.287337728
1.404437776
0.931274364
0.140912128
0
0.011576636
0.210624295
0
0.097598318
0
0
0
0
0
0
0
0
0
0
0
0
0.380608156
0.982982205
1.764604385
2.040091449
1.974440094
2.571952289
2.188719768
2.412622961
1.959868824
0.668191979
0.388246054
0
0
0
0
0
0
0
0
0
0
0
0
0
0.292385673
0.20807081
1.297818015
1.124881391
1.51506237
1.408973822
1.933944456
1.284592675
0.481495284
0
0
0
0
0
0
0
0
0
0
0
0
0
0
0
0.574649932
0.998195529
2.030740082
2.439588545
1.975472764
2.438679824
2.598827409
2.291632554
1.75246204
0.622379637
0.211363588
0
0
0
0
0
0
0
0
0
0
0
0
0.208820251
0.821605488
1.462791259
2.017409332
2.496558897
2.742999778
2.836794367
2.765531934
2.432872219
2.213943175
0.170360395
0.367091681
0
0
0
0
0
0
0
0
0
0
0
0
0.160703258
0.80215548
1.446519635
1.973650786
2.445801053
2.68837705
2.819253473
2.26559302
2.122034312
2.034297802
0.172683942
0.128184672
0.000729386
0
0
0
0
0
0
0
0
0
0
0
0
0
0
0.121094272
0.737245061
1.943712967
2.436553476
1.881178358
1.856724131
1.813674462
0.453414753
0.207596931
0.065956177
0
0
0
0
0
0
0
0
0
0
0
0
0
0
0.459031977
0.067756152
1.505424347
2.295206047
2.419519399
1.760025513
1.107936848
0.577326396
0.226521948
0.05300397
0
0
0
0
0
0
0
0
0
0
0
0.144501751
0.746416218
1.393563921
1.716611327
1.572792002
1.330641488
1.762567156
1.966891591
1.49338353
1.161409644
0.219358458
0.203008033
0
0
0
0
0
0
0
0
0
0
0
0
0
0.357887569
0.490744573
1.496999094
2.00391691
1.848909086
2.222966299
1.559283099
0
0
0.406680154
0.274706419
0
0
0
0
0
0
0
0
0
0
0
0
0.020410607
0.55073157
0.948588191
1.386171181
1.50394879
1.492721906
1.45705626
0.644522558
0.972361867
0.265641622
0.283772862
0.278623892
0
0
0
0
0
0
0
0
0
0
0
0
0.070581929
0.257988732
1.337031874
1.93007413
2.397507368
2.677567057
2.577681468
0.448131507
0.0400821
0.100428481
0.645439348
0.340808743
0
0
0
0
0
0
0
0
0
0
0
0
0
0.469082796
1.166392767
1.944585144
2.409887384
2.709848124
2.88142954
2.34414905
0.871911517
0.122138911
0.4538275
0.197211549
0
0
0
0
0
0
0
0
0
0
0
0
0.117686317
0.691913837
1.371172563
1.877053047
2.284089182
2.506427849
2.5660038
2.18717143
1.875429609
1.818629763
0.486924699
0.237332344
0.030464325
0
0
0
0
0
0
0
0
0
0
0
0.079307265
0.69333887
1.294252138
1.902463052
2.380044932
2.692100175
2.846173795
1.969834678
2.23431031
1.917012435
0.314162518
0.070554001
0
0
0
0
0
0
0
0
0
0
0
0
0.094011993
0.486354191
0.892871492
1.920480612
2.393980818
2.738227302
2.890725449
2.69011378
1.902531376
0.043295896
0.654960167
0.175509137
0
0
0
0
0
0
0
0
0
0
0
0
0
0
0
0.559704235
2.062063542
1.773022377
0.233461748
1.797620839
2.491025689
2.136324873
0.145141735
0.08921218
0.075029516
0
0
0
0
0
0
0
0
0
0
0
0.106873472
0.671354589
1.334567249
1.865255823
2.311271266
2.619004568
2.344635179
2.110845932
2.071843605
1.992269161
0.142935306
0.071150172
0
0
0
0
0
0
0
0
0
0
0
0
0.077500126
0.682215438
1.314534219
1.874892179
2.309268792
2.515921989
2.72598572
2.709241517
2.215829299
1.960489682
0.318633514
0.047937619
0
0
0
0
0
0
0
0
0
0
0
0
0.058940792
0.677409473
1.326968964
1.899101247
2.376044923
2.789058195
2.890636653
2.865028916
1.098827075
2.117996786
0.156982413
0.07428029
0
0
0
0
0
0
0
0
0
0
0
0
0
0.1924825
0.943866915
1.250915575
1.97871851
1.990068573
2.30334634
2.678415199
2.077863643
1.903149379
0.268994189
0.2264781
0
0
0
0
0
0
0
0
0
0
0
0
0
0
1.291558472
1.84156204
2.329855249
2.690568051
2.779141404
2.743663161
2.562899273
2.140509308
0.461779133
0.360014857
0.03504635
0
0
0
0
0
0
0
0
0
0
0
0.023626761
0.592597143
1.275389456
1.55058213
2.209520842
2.215810712
2.414353439
2.125091362
1.980690729
1.994144697
0.169415007
0.290714407
0
0
0
0
0
0
0
0
0
0
0
0
0
0.567857456
1.204446294
1.811342976
2.268429596
2.288061813
2.585827958
1.964850793
1.898168734
1.721826624
0
0.098312905
0
0
0
0
0
0
0
0
0
0
0
0
0
0
0.55471017
0.930533367
1.311737231
2.498519891
2.713018785
2.540451468
2.417955195
2.029923723
0.141435104
0.045932236
0
0
0
0
0
0
0
0
0
0
0
0
0.043255865
0.636447349
1.287955164
1.828856228
2.315160725
2.504790833
2.3312377
1.961623589
1.177481293
1.183009518
0.20002306
0.287792896
0
0
0
0
0
0
0
0
0
0
0
0
0
0.337600735
1.001185707
1.535253192
1.479939815
1.253786287
1.913143596
1.951666929
0.967805411
0.62236193
0.535776539
0.296860161
0.003189669
0
0
0
0
0
0
0
0
0
0
0
0
0.291452255
1.012141954
1.656345123
2.189175799
2.25679997
2.473559523
1.707137168
1.677561787
1.343856387
0.502907957
0.223917656
0
0
0
0
0
0
0
0
0
0
0
0
0
0
0
0.507369782
0.147152367
0.389039165
0.379063935
1.260694282
0.704024711
0.897793724
0.432739684
0.217399832
0
0
0
0
0
0
0
0
0
0
0
0
0
0.609166197
0
1.796181297
2.307286284
2.611503205
2.66291634
2.19604583
2.229799765
1.988822425
0.190552809
0.036235216
0
0
0
0
0
0
0
0
0
0
0
0
0
0.097779619
0.495368241
0.710510795
1.265021359
2.41523962
2.462844555
2.312231336
2.119737946
1.748812581
0.308587703
0.156856612
0
0
0
0
0
0
0
0
0
0
0
0
0
0.219051881
0.981013588
1.63694862
2.050331009
2.310866381
2.572072374
2.310594743
2.303278102
1.901232092
0.223727572
0.098234955
0
0
0
0
0
0
0
0
0
0
0
0
0
0.337107348
0.525222363
1.424865376
2.005239317
2.005470216
2.394900729
2.153862402
2.25393405
1.941189397
0.188155779
0.059302967
0
0
0
0
0
0
0
0
0
0
0
0
0
0.44730481
1.108596511
1.74274671
2.26488393
2.52308024
2.540600502
2.16367353
2.302948967
1.587947391
0.237863225
0.084055409
0
0
0
0
0
0
0
0
0
0
0
0
0
0.511544979
1.201337831
1.765105342
2.267256751
2.552368559
2.557401943
2.241845395
1.421085863
1.815701062
0.538961848
0.135759915
0
0
0
0
0
0
0
0
0
0
0
0
0
0.082209608
0.069557384
0.72534232
2.019787378
1.628698114
1.088109169
1.059627446
1.591871901
1.876707415
0.163054817
0.212774116
0
0
0
0
0
0
0
0
0
0
0
0
0
0.450441216
1.114217527
1.636625278
1.58421441
1.996097734
1.88303493
0.214021464
1.499141909
1.344978172
0.539845284
0.16989045
0
0
0
0
0
0
0
0
0
0
0
0
0
0.07636874
0.546910958
0.854831038
1.491050114
0.940895525
0.612100054
1.194391644
1.402649766
0.710394662
0.501198582
0.208665361
0
0
0
0
0
0
0
0
0
0
0
0
0
0
0.236157865
1.488719682
1.66583426
1.596201726
2.415218872
1.286909547
0.485571619
0.45361752
0.106047648
0.067900557
0
0
0
0
0
0
0
0
0
0
0
0
0
0
0
0.214213079
0.700544992
0.978113347
0.21592631
0.128139557
0.006241023
0.015016523
0.127853886
0
0
0
0
0
0
0
0
0
0
0
0
0
0
0.341487439
1.104661628
1.666491102
2.115639149
2.446665391
2.613365791
2.463458495
1.985640632
0.359017522
0.443961205
0.157637615
0
0
0
0
0
0
0
0
0
0
0
0
0
0.407452225
1.098422971
1.674748821
2.167705436
2.458777722
2.652638654
2.582954949
2.316836909
0.119707712
0.076045646
0
0
0
0
0
0
0
0
0
0
0
0
0
0
0.420306017
1.053346046
1.63238397
2.111378181
2.437492282
2.61211219
2.508250385
2.24647984
0.192727417
0.140307421
0.036597859
0
0
0
0
0
0
0
0
0
0
0
0
0
0.395558616
0.92974313
1.464002028
2.027247579
2.256184811
2.284823523
2.294562434
2.210549758
0.191372366
0.085148976
0.036187459
0
0
0
0
0
0
0
0
0
0
0
0
0
0.184700639
0.685162917
1.203446855
1.762224149
2.06182626
2.097747321
2.105690318
1.899834044
0.615520998
0.44097141
0.051337119
0
0
0
0
0
0
0
0
0
0
0
0
0
0
0
0
0.324987331
0.78891099
0.647155327
0.85110148
0.220892858
0.032972557
0.038222912
0
0
0
0
0
0
0
0
0
0
0
0
0
0
0.135495651
0.479135727
1.308684705
1.495694077
1.393568657
1.036851462
0.769112398
1.246135546
0.673174859
0.353787191
0.056492848
0
0
0
0
0
0
0
0
0
0
0
0
0
0.141924195
0.953458226
1.557779194
1.980243106
2.368717356
2.397350698
2.226706403
1.888983794
0.431155549
0.175097603
0.006066325
0
0
0
0
0
0
0
0
0
0
0
0
0
0.376738
1.015363967
1.615058115
2.103596504
2.404350205
2.558519624
2.494270694
2.21960032
0.088452596
0.061673135
0
0
0
0
0
0
0
0
0
0
0
0
0
0
0.335269453
0.957259012
1.551042726
2.051239848
2.328658015
2.418333518
2.114223349
2.013166212
0.231746834
0.095513341
0
0
0
0
0
0
0
0
0
0
0
0
0
0
0.080499988
0.867979658
1.393053806
1.551943308
1.727792886
1.792932346
2.043241971
1.838411375
0.482331716
0.313638314
0.005080111
0
0
0
0
0
0
0
0
0
0
0
0
0
0.103301115
0.581699141
1.08282385
1.572595397
1.654074663
1.58682658
1.571508619
1.740668555
0.314445362
0.305086792
0.082497782
0
0
0
0
0
0
0
0
0
0
0
0
0
0.293528751
0.919318346
1.510016873
2.006757609
2.327422694
2.458561245
2.363575936
2.085994114
0.170926084
0.056579183
0
0
0
0
0
0
0
0
0
0
0
0
0
0
0.124469438
0
0.093531715
0.184122064
0.197561251
0.074231706
0
0.207988448
0.068377364
0.282237575
0
0
0
0
0
0
0
0
0
0
0
0
0
0
0.169926413
0.624623608
1.019438912
1.629511747
2.0099997
2.183413886
1.66978971
1.692383375
0.471632604
0.328971584
0.028884403
0
0
0
0
0
0
0
0
0
0
0
0
0
0.119342192
0.129651184
0.480487362
0.22283196
0.941515744
0.679486761
0
0.989921725
0.583753777
0.193094276
0
0
0
0
0
0
0
0
0
0
0
0
0
0
0.248792846
0.905263061
1.447045556
1.908476605
2.13827967
1.276186302
1.081754151
1.001792067
0.566865577
0.193129334
0
0
0
0
0
0
0
0
0
0
0
0
0
0
0.1029819
0.720798227
1.287822174
1.567968047
1.8699873
1.925539707
2.002540453
1.411490861
0.562954251
0
0
0
0
0
0
0
0
0
0
0
0
0
0
0
0.248684691
0.801365521
1.395855784
1.927119113
2.207827406
2.130742124
2.007863704
1.900869626
0.333591971
0.223101968
0
0
0
0
0
0
0
0
0
0
0
0
0
0
0.146551279
0.834234715
1.415262383
1.887990795
2.204482644
2.303112619
2.213274243
1.659711251
0.500771511
0.268691206
0
0
0
0
0
0
0
0
0
0
0
0
0
0
0
0.317899491
0.035924939
0.096168906
0.442796405
0.310459769
0.120733818
0.177536894
0
0
0
0
0
0
0
0
0
0
0
0
0
0
0
0
0.118520392
0.68743873
1.100138052
1.753115046
1.924558245
2.022589798
0.424416893
0.897690066
0.534893882
0.233060889
0
0
0
0
0
0
0
0
0
0
0
0
0
0
0.188953607
0.839425899
1.431974597
1.892165152
2.194399409
2.272068858
2.164116997
1.471052999
0.31349722
0.243000646
0
0
0
0
0
0
0
0
0
0
0
0
0
0
0.141859575
0.683452448
1.129422945
1.64855643
1.360620521
1.769330823
1.365109487
0.605648527
0.490321925
0
0
0
0
0
0
0
0
0
0
0
0
0
0
0
0.150370257
0.761308905
1.342488586
1.801302595
2.081211141
2.200866502
2.117328986
1.827079582
0.094315278
0.019632384
0
0
0
0
0
0
0
0
0
0
0
0
0
0
0
0.222457972
0.807970868
1.385812051
1.483921365
1.683166744
1.369103897
1.256855917
0.493752832
0.230087485
0
0
0
0
0
0
0
0
0
0
0
0
0
0
0.135107722
0
1.314753742
1.755332288
1.952590554
2.113712549
2.031160193
1.796557423
0.270444033
0.100905777
0
0
0
0
0
0
0
0
0
0
0
0
0
0
0
0.45150105
0.825509925
1.354115905
1.728759284
1.657812094
1.756873152
1.557891796
0.26053576
0.081048627
0
0
0
0
0
0
0
0
0
0
0
0
0
0
0.130344754
0.781415607
1.343334598
1.828848386
2.127245789
2.201281998
2.060368914
1.838934439
0.066032125
0.017092099
0
0
0
0
0
0
0
0
0
0
0
0
0
0
0.100024045
0.733775192
1.316673902
1.776436337
2.056747835
2.15373621
2.049996993
1.791716012
0.095505248
0.013546433
0
0
0
0
0
0
0
0
0
0
0
0
0
0
0.047690391
0.537647214
1.050341871
1.277599889
1.120853734
0.870739211
1.153385279
0.858179312
0.44944928
0.179411263
0
0
0
0
0
0
0
0
0
0
0
0
0
0
0
0.403205883
1.150052936
1.628026182
1.86655676
2.035822788
1.908252522
1.615003005
0.31784743
0.143606701
0
0
0
0
0
0
0
0
0
0
0
0
0
0
0
0.222670789
0.417843594
0.696069935
0.855994659
0.685638887
0.899714673
0.399213595
0
0.143665749
0
0
0
0
0
0
0
0
0
0
0
0
0
0
0
0.034025037
0.41393701
0.866903964
0.80245281
0.92420667
0.879241839
0.88433691
0.373409138
0.047579434
0
0
0
0
0
0
0
0
0
0
0
0
0
0
0
0.003573722
0.402792231
0.513636928
0.210595425
0.136208426
0.220946696
0.217473685
0.000679337
0
0
0
0
0
0
0
0
0
0
0
0
0
0
0
0
0
0
0
0.75632487
0.644815741
0.289799024
0.36628166
0
0
0
0
0
0
0
0
0
0
0
0
0
0
0
0
0
0.47559419
1.02282843
1.285808199
1.103022677
1.316100228
0.128804087
0.185176213
0.209134736
0.068480769
0
0
0
0
0
0
0
0
0
0
0
0
0
0
0
0.547101643
1.031158556
1.439139739
1.533317866
1.473900878
0.959636143
1.114173
0.326161286
0
0
0
0
0
0
0
0
0
0
0
0
0
0
0
0
0.529124215
0.864227273
1.061830757
1.117862229
1.006207628
0.778549645
0.719854237
0.281652715
0
0
0
0
0
0
0
0
0
0
0
0
0
0
0
0
0.398903479
0.933071935
1.157256209
1.434236623
1.520112318
1.267431091
0.670529294
0.216684039
0.04598509
0
0
0
0
0
0
0
0
0
0
0
0
0
0
0
0.369303134
0.424847206
0.577531715
1.500929855
1.750534399
1.52572482
1.277958256
0.271490535
0.05494599
0
0
0
0
0
0
0
0
0
0
0
0
0
0
0
0.465973127
0.938968784
1.140290771
1.123413812
1.111126942
0.809888013
0.85307777
0.326463763
0.035325295
0
0
0
0
0
0
0
0
0
0
0
0
0
0
0
0.453296699
0.711384851
1.253243962
1.665325736
1.649086865
1.344941445
1.080790503
0.316555117
0.049001681
0
0
0
0
0
0
0
0
0
0
0
0
0
0
0
0.295997382
0.930813871
1.354816845
0.606858124
1.0238526
0.447981171
0.512837306
0.261830732
0.002831084
0
0
0
0
0
0
0
0
0
0
0
0
0
0
0
0
0
0.447126335
1.108287708
1.25497364
1.223716006
1.29456652
0
0.006330463
0
0
0
0
0
0
0
0
0
0
0
0
0
0
0
0.009321901
0.118199741
0
0.008219504
0.054459734
0
0.101089124
0
0
0
0
0
0
0
0
0
0
0
0
0
0
0
0
0
0.041133195
0.125550595
0.237139141
0.209641319
0.406292715
0.328139123
0.046494301
0
0
0
0
0
0
0
0
0
0
0
0
0
0
0
0
0
0.215427024
0.567036056
0.517027057
1.009294304
1.315512762
0.979258835
0.729849752
0.236273763
0
0
0
0
0
0
0
0
0
0
0
0
0
0
0
0
0
0
0.157257632
0.013285707
0
0.149022276
0.496047752
0.195658501
0
0
0
0
0
0
0
0
0
0
0
0
0
0
0
0
0
0.457472333
0.486370735
0
0
0.137906929
0.431225838
0.146695786
0
0
0
0
0
0
0
0
0
0
0
0
0
0
0
0
0
0
0
0
0
0
0
0
0
0
0
0
0
0
0
0
0
0
0
0
0
0
0
0
0.116308509
0.186289532
1.311444459
1.565044082
1.632608314
1.034471099
0.398851567
0.169198875
0
0
0
0
0
0
0
0
0
0
0
0
0
0
0
0
0
0
0.044097125
0.135612349
0
0
0
0
0
0
0
0
0
0
0
0
0
0
0
0
0
0
0
0
0.308693838
0.734034285
1.038655452
1.479400345
1.477469213
1.4507594
0.299439625
0.119193906
0
0
0
0
0
0
0
0
0
0
0
0
0
0
0
0
0.188736072
0.758653705
1.014992034
1.438181679
1.63524002
1.509980903
0.013709827
0
0
0
0
0
0
0
0
0
0
0
0
0
0
0
0
0
0.283635451
0.820672883
1.262693038
1.54927182
1.61168069
1.487181563
0.013039973
0
0
0
0
0
0
0
0
0
0
0
0
0
0
0
0
0
0.250111521
0.805014738
1.212569832
1.505453931
1.538323169
1.446054752
0.029549916
0
0
0
0
0
0
0
0
0
0
0
0
0
0
0
0
0
0.269592371
0.764653414
1.207546374
1.465138705
1.522908496
1.401267478
0.029655256
0
0
0
0
0
0
0
0
0
0
0
0
0
0
0
0
0
0.222470381
0.784088637
1.222740678
1.508956852
1.569088451
1.444504211
0.019501455
0
0
0
0
0
0
0
0
0
0
0
0
0
0
0
0
0
0.210912132
0.747485327
1.170039574
1.445459277
1.486240715
1.372426355
0.000615588
0
0
0
0
0
0
0
0
0
0
0
0
0
0
0
0
0
0.181203991
0.699060113
1.114830015
1.386988312
1.457996767
1.343977734
0
0
0
0
0
0
0
0
0
0
0
0
0
0
0
0
0
0
0
0
0
0
0
0
0.027504228
0
0
0
0
0
0
0
0
0
0
0
0
0
0
0
0
0
0
0
0
0.015101619
0.140511545
0
0
0
0
0
0
0
0
0
0
0
0
0
0
0
0
0
0
0
0
0
0
0
0
0
0
0
0
0
0
0
0
0
0
0
0
0
0
0
0
0
0
0
0
0
0.699978744
0.786203709
0.759505397
0.790985072
0.242681636
0
0
0
0
0
0
0
0
0
0
0
0
0
0
0
0
0
0
0.16667361
0.570882501
0.746705499
0.84848818
0.728096009
0.173205438
0
0
0
0
0
0
0
0
0
0
0
0
0
0
0
0
0
0
0
0.254512241
0.682901427
0.666627808
0.207115132
0
0
0
0
0
0
0
0
0
0
0
0
0
0
0
0
0
0
0
0
0
0.246245411
0.604407515
0.243817784
0.160817445
0
0
0
0
0
0
0
0
0
0
0
0
0
0
0
0
0
0
0
0.0754293
0
0
0
0
0
0
0
0
0
0
0
0
0
0
0
0
0
0
0
0
0
0
0
0
0
0.044770551
0
0
0
0
0
0
0
0
0
0
0
0
0
0
0
0
0
0
0
0.086771745
0.603441666
1.064652348
1.33089207
1.399026069
0.741458011
0.226892403
0.022120316
0
0
0
0
0
0
0
0
0
0
0
0
0
0
0
0
0
0
0
0
0.003667417
0.160356512
0
0
0
0
0
0
0
0
0
0
0
0
0
0
0
0
0
0
0
0
0
0
0
0
0
0
0
0
0
0
0
0
0
0
0
0
0
0
0
0
0
0
0
0.495817391
0.801684407
0.879640766
0.10110226
0
0.14073636
0
0
0
0
0
0
0
0
0
0
0
0
0
0
0
0
0
0
0
0
0
0.457092237
0
0.063795844
0
0
0
0
0
0
0
0
0
0
0
0
0
0
0
0
0
0
0
0.110411492
0.809227632
1.061064559
1.052666923
0
0
0
0
0
0
0
0
0
0
0
0
0
0
0
0
0
0
0
0.440652926
0.823567305
1.126706694
1.223726284
1.118320654
0
0
0
0
0
0
0
0
0
0
0
0
0
0
0
0
0
0
0
0
0
0
0
0
0
0
0
0
0
0
0
0
0
0
0
0
0
0
0
0
0
0
0
0
0
0.142510128
0
0
0
0
0
0
0
0
0
0
0
0
0
0
0
0
0
0
0
0
0
0
0.634054083
0.940039625
1.077430654
1.025431566
0
0
0
0
0
0
0
0
0
0
0
0
0
0
0
0
0
0
0
0.320716224
0.707054784
1.059461189
1.102001042
1.001604459
0
0
0
0
0
0
0
0
0
0
0
0
0
0
0
0
0
0
0
0
0
0
0
0
0
0
0
0
0
0
0
0
0
0
0
0
0
0
0
0
0
0
0
0.24151817
0.40482633
0.996612217
1.027034721
0.127129119
0
0
0
0
0
0
0
0
0
0
0
0
0
0
0
0
0
0
0
0
0
0
0
0
0
0
0
0
0
0
0
0
0
0
0
0
0
0
0
0
0
0
0
0.231205595
0.216878039
0.219734118
0
0.182246054
0.059066282
0
0
0
0
0
0
0
0
0
0
0
0
0
0
0
0
0
0
0
0
0
0
0
0
0
0
0
0
0
0
0
0
0
0
0
0
0
0
0
0
0
0
0.090582318
0.564595965
0.751020296
0.786356264
0.853259311
0
0
0
0
0
0
0
0
0
0
0
0
0
0
0
0
0
0
0
0
0
0.222719133
0
0
0.068909051
0
0
0
0
0
0
0
0
0
0
0
0
0
0
0
0
0
0
0
0
0
0.285203377
0
0
0
0
0
0
0
0
0
0
0
0
0
0
0
0
0
0
0
0
0
0
0
0
0
0
0
0
0
0
0
0
0
0
0
0
0
0
0
0
0
0
0
0
0
0
0
0
0
0
0
0
0
0
0
0
0
0
0
0
0
0
0
0
0
0
0
0
0.008610789
0.596278068
0.834454843
0.971331681
0.886445866
0
0
0
0
0
0
0
0
0
0
0
0
0
0
0
0
0
0
0
0
0.513032792
0.691541734
0.862668002
0.49325981
0.05291437
0
0
0
0
0
0
0
0
0
0
0
0
0
0
0
0
0
0
0
0
0
0
0
0
0
0
0
0
0
0
0
0
0
0
0
0
0
0
0
0
0
0
0.099083714
0.437108996
0.59555505
0.832803824
0.535900119
0.063339682
0
0
0
0
0
0
0
0
0
0
0
0
0
0
0
0
0
0
0.107291489
0.277934465
0.402840119
0.230393987
0.669547719
0
0
0
0
0
0
0
0
0
0
0
0
0
0
0
0
0
0
0
0.067374489
0.557130554
0.839729666
0.910598992
0.814644432
0
0
0
0
0
0
0
0
0
0
0
0
0
0
0
0
0
0
0
0.176109883
0.520542749
0.805621961
0.918290593
0.798541596
0
0
0
0
0
0
0
0
0
0
0
0
0
0
0
0
0
0
0
0.166899153
0.578700115
0.828730589
0.901921048
0.816304732
0
0
0
0
0
0
0
0
0
0
0
0
0
0
0
0
0
0
0
0.056272989
0.575468467
0.858734392
0.986157375
0.784080266
0
0
0
0
0
0
0
0
0
0
0
0
0
0
0
0
0
0
0
0.159087359
0.552624378
0.807077407
0.925094908
0.815563265
0
0
0
0
0
0
0
0
0
0
0
0
0
0
0
0
0
0
0
0.111412366
0.493343426
0.717587671
0.86264477
0.783961247
0
0
0
0
0
0
0
0
0
0
0
0
0
0
0
0
0
0
0
0.108016129
0.49262838
0.746218707
0.852108907
0.761803343
0
0
0
0
0
0
0
0
0
0
0
0
0
0
0
0
0
0
0
0.093992944
0.48984261
0.752105809
0.862722369
0.772859971
0
0
0
0
0
0
0
0
0
0
0
0
0
0
0
0
0
0
0
0
0.419360842
0.4415361
0.793293268
0.750590922
0
0
0
0
0
0
0
0
0
0
0
0
0
0
0
0
0
0
0
0
0.474463592
0.62894602
0.620628499
0.628651182
0
0
0
0
0
0
0
0
0
0
0
0
0
0
0
0
0
0
0
0
0.536733021
0.788051434
0.884900006
0.791032766
0
0
0
0
0
0
0
0
0
0
0
0
0
0
0
0
0
0
0
0
0.515436274
0.730459936
0.80486988
0.720197103
0
0
0
0
0
0
0
0
0
0
0
0
0
0
0
0
0
0
0
0
0.498269355
0.763316909
0.854197201
0.770815941
0
0
0
0
0
0
0
0
0
0
0
0
0
0
0
0
0
0
0
0
0.339449786
0.626648115
0.689251801
0.452085892
0
0
0
0
0
0
0
0
0
0
0
0
0
0
0
0
0
0
0
0
0.460789245
0.705447819
0.796169864
0.711863632
0
0
0
0
0
0
0
0
0
0
0
0
0
0
0
0
0
0
0
0
0.429537716
0.423326847
0.814492483
0.476759239
0
0
0
0
0
0
0
0
0
0
0
0
0
0
0
0
0
0
0
0
0.328918321
0.204912164
0.103173551
0.728312989
0
0
0
0
0
0
0
0
0
0
0
0
0
0
0
0
0
0
0
0
0.434985857
0.711317992
0.757759434
0.618168171
0
0
0
0
0
0
0
0
0
0
0
0
0
0
0
0
0
0
0
0
0.427195663
0.699155537
0.807398759
0.663176406
0
0
0
0
0
0
0
0
0
0
0
0
0
0
0
0
0
0
0
0
0.231855744
0.711654386
0.820566655
0.734986179
0
0
0
0
0
0
0
0
0
0
0
0
0
0
0
0
0
0
0
0
0.420171232
0.708705512
0.819339255
0.729375367
0
0
0
0
0
0
0
0
0
0
0
0
0
0
0
0
0
0
0
0
0.328772008
0.55230866
0.599502888
0.367348114
0
0
0
0
0
0
0
0
0
0
0
0
0
0
0
0
0
0
0
0
0.22212137
0.468313244
0.535300345
0.612845815
0
0
0
0
0
0
0
0
0
0
0
0
0
0
0
0
0
0
0
0
0.383472629
0.674433098
0.807984161
0.730234576
0
0
0
0
0
0
0
0
0
0
0
0
0
0
0
0
0
0
0
0
0.07687004
0
0.151095636
0.262353143
0
0
0
0
0
0
0
0
0
0
0
0
0
0
0
0
0
0
0
0
0.404587196
0.696727271
0.821337572
0.740725431
0
0
0
0
0
0
0
0
0
0
0
0
0
0
0
0
0
0
0
0
0.424386061
0.722617405
0.835209163
0.781041588
0
0
0
0
0
0
0
0
0
0
0
0
0
0
0
0
0
0
0
0
0.428848652
0.728537301
0.858725324
0.786152168
0
0
0
0
0
0
0
0
0
0
0
0
0
0
0
0
0
0
0
0
0.409523678
0.727911933
0.854949432
0.792862079
0
0
0
0
0
0
0
0
0
0
0
0
0
0
0
0
0
0
0
0
0.423902301
0.730221073
0.855242978
0.777797764
0
0
0
0
0
0
0
0
0
0
0
0
0
0
0
0
0
0
0
0
0.426965089
0.729499345
0.845890975
0.78931772
0
0
0
0
0
0
0
0
0
0
0
0
0
0
0
0
0
0
0
0
0.287656915
0.462008602
0.182186888
0.232421863
0
0
0
0
0
0
0
0
0
0
0
0
0
0
0
0
0
0
0
0
0.369543813
0.665638424
0.76491243
0.70702683
0
0
0
0
0
0
0
0
0
0
0
